0	0	1	0	0	0	0	
0.00225	0.00112422	0.99861	0.000265734	5.37413e-008	1.20825e-010	2.63141e-014	
0.0045	0.00224687	0.997223	0.000530394	2.14353e-007	7.22751e-010	2.09864e-013	
0.00675	0.00336797	0.995838	0.000793985	4.80765e-007	2.28127e-009	8.63065e-013	
0.009	0.00448751	0.994455	0.00105651	8.51917e-007	5.26512e-009	2.50321e-012	
0.01125	0.0056055	0.993075	0.00131797	1.32676e-006	1.01363e-008	5.84947e-012	
0.0135	0.00672193	0.991698	0.00157837	1.90425e-006	1.73503e-008	1.18199e-011	
0.01575	0.00783682	0.990323	0.00183772	2.58335e-006	2.73559e-008	2.15285e-011	
0.018	0.00895016	0.98895	0.00209601	3.36305e-006	4.05954e-008	3.62822e-011	
0.02025	0.010062	0.98758	0.00235326	4.24233e-006	5.75049e-008	5.75782e-011	
0.0225	0.0111722	0.986213	0.00260946	5.22019e-006	7.85138e-008	8.71008e-011	
0.02475	0.0122809	0.984848	0.00286462	6.29563e-006	1.04046e-007	1.26719e-010	
0.027	0.0133881	0.983486	0.00311874	7.46766e-006	1.34517e-007	1.78483e-010	
0.02925	0.0144938	0.982125	0.00337183	8.73531e-006	1.7034e-007	2.44623e-010	
0.0315	0.0155979	0.980768	0.00362389	1.00976e-005	2.11918e-007	3.27544e-010	
0.03375	0.0167005	0.979413	0.00387492	1.15536e-005	2.59651e-007	4.29825e-010	
0.036	0.0178016	0.97806	0.00412492	1.31023e-005	3.13931e-007	5.54215e-010	
0.03825	0.0189011	0.97671	0.00437391	1.47428e-005	3.75146e-007	7.03633e-010	
0.0405	0.0199992	0.975362	0.00462188	1.64742e-005	4.43676e-007	8.81162e-010	
0.04275	0.0210957	0.974017	0.00486884	1.82956e-005	5.19898e-007	1.09005e-009	
0.045	0.0221907	0.972674	0.00511479	2.02059e-005	6.0418e-007	1.3337e-009	
0.04725	0.0232842	0.971333	0.00535973	2.22043e-005	6.96886e-007	1.61568e-009	
0.0495	0.0243762	0.969995	0.00560367	2.429e-005	7.98376e-007	1.93971e-009	
0.05175	0.0254667	0.968659	0.00584661	2.6462e-005	9.09002e-007	2.30965e-009	
0.054	0.0265557	0.967326	0.00608855	2.87194e-005	1.02911e-006	2.72954e-009	
0.05625	0.0276432	0.965995	0.0063295	3.10614e-005	1.15905e-006	3.20355e-009	
0.0585	0.0287292	0.964667	0.00656947	3.3487e-005	1.29915e-006	3.73599e-009	
0.06075	0.0298137	0.96334	0.00680844	3.59955e-005	1.44974e-006	4.33132e-009	
0.063	0.0308967	0.962017	0.00704644	3.85859e-005	1.61115e-006	4.99414e-009	
0.06525	0.0319782	0.960695	0.00728346	4.12575e-005	1.7837e-006	5.72919e-009	
0.0675	0.0330583	0.959376	0.0075195	4.40093e-005	1.96771e-006	6.54134e-009	
0.06975	0.0341368	0.95806	0.00775457	4.68407e-005	2.16349e-006	7.43561e-009	
0.072	0.0352139	0.956745	0.00798866	4.97506e-005	2.37134e-006	8.41713e-009	
0.07425	0.0362895	0.955433	0.0082218	5.27384e-005	2.59156e-006	9.49118e-009	
0.0765	0.0373636	0.954124	0.00845397	5.58032e-005	2.82446e-006	1.06632e-008	
0.07875	0.0384363	0.952816	0.00868518	5.89441e-005	3.07032e-006	1.19386e-008	
0.081	0.0395075	0.951512	0.00891544	6.21605e-005	3.32942e-006	1.33231e-008	
0.08325	0.0405772	0.950209	0.00914474	6.54516e-005	3.60206e-006	1.48225e-008	
0.0855	0.0416455	0.948909	0.0093731	6.88165e-005	3.8885e-006	1.64426e-008	
0.08775	0.0427122	0.947611	0.00960051	7.22544e-005	4.18902e-006	1.81894e-008	
0.09	0.0437776	0.946315	0.00982698	7.57647e-005	4.50388e-006	2.00691e-008	
0.09225	0.0448415	0.945022	0.0100525	7.93465e-005	4.83336e-006	2.20879e-008	
0.0945	0.0459039	0.943731	0.0102771	8.29991e-005	5.1777e-006	2.42522e-008	
0.09675	0.0469649	0.942442	0.0105008	8.67218e-005	5.53717e-006	2.65683e-008	
0.099	0.0480244	0.941156	0.0107235	9.05138e-005	5.912e-006	2.90428e-008	
0.10125	0.0490825	0.939872	0.0109453	9.43744e-005	6.30246e-006	3.16824e-008	
0.1035	0.0501391	0.93859	0.0111662	9.83028e-005	6.70877e-006	3.44939e-008	
0.10575	0.0511943	0.93731	0.0113861	0.000102298	7.13118e-006	3.74841e-008	
0.108	0.052248	0.936033	0.0116052	0.00010636	7.56991e-006	4.066e-008	
0.11025	0.0533004	0.934758	0.0118233	0.000110488	8.02521e-006	4.40286e-008	
0.1125	0.0543512	0.933485	0.0120405	0.000114681	8.49728e-006	4.75971e-008	
0.11475	0.0554007	0.932215	0.0122568	0.000118938	8.98635e-006	5.13727e-008	
0.117	0.0564487	0.930946	0.0124722	0.000123259	9.49265e-006	5.53628e-008	
0.11925	0.0574953	0.92968	0.0126867	0.000127642	1.00164e-005	5.95748e-008	
0.1215	0.0585405	0.928416	0.0129003	0.000132088	1.05577e-005	6.40163e-008	
0.12375	0.0595843	0.927155	0.013113	0.000136596	1.11169e-005	6.86947e-008	
0.126	0.0606266	0.925896	0.0133248	0.000141164	1.16942e-005	7.36179e-008	
0.12825	0.0616675	0.924639	0.0135358	0.000145793	1.22897e-005	7.87935e-008	
0.1305	0.0627071	0.923384	0.0137458	0.000150482	1.29036e-005	8.42295e-008	
0.13275	0.0637452	0.922131	0.013955	0.000155229	1.35361e-005	8.99337e-008	
0.135	0.0647818	0.920881	0.0141632	0.000160035	1.41875e-005	9.59143e-008	
0.13725	0.0658171	0.919632	0.0143706	0.000164899	1.48578e-005	1.02179e-007	
0.1395	0.066851	0.918386	0.0145771	0.000169819	1.55474e-005	1.08737e-007	
0.14175	0.0678835	0.917143	0.0147828	0.000174796	1.62562e-005	1.15595e-007	
0.144	0.0689146	0.915901	0.0149876	0.000179829	1.69846e-005	1.22762e-007	
0.14625	0.0699443	0.914661	0.0151915	0.000184918	1.77326e-005	1.30247e-007	
0.1485	0.0709726	0.913424	0.0153946	0.000190061	1.85006e-005	1.38057e-007	
0.15075	0.0719995	0.912189	0.0155968	0.000195258	1.92885e-005	1.46202e-007	
0.153	0.073025	0.910956	0.0157981	0.000200508	2.00966e-005	1.5469e-007	
0.15525	0.0740491	0.909725	0.0159986	0.000205811	2.0925e-005	1.6353e-007	
0.1575	0.0750719	0.908497	0.0161982	0.000211167	2.17738e-005	1.72729e-007	
0.15975	0.0760933	0.90727	0.016397	0.000216574	2.26434e-005	1.82298e-007	
0.162	0.0771133	0.906046	0.0165949	0.000222032	2.35336e-005	1.92245e-007	
0.16425	0.0781319	0.904824	0.0167921	0.000227541	2.44448e-005	2.02579e-007	
0.1665	0.0791491	0.903604	0.0169883	0.0002331	2.5377e-005	2.13308e-007	
0.16875	0.080165	0.902386	0.0171837	0.000238708	2.63304e-005	2.24442e-007	
0.171	0.0811795	0.90117	0.0173783	0.000244365	2.73051e-005	2.3599e-007	
0.17325	0.0821926	0.899957	0.0175721	0.000250071	2.83013e-005	2.4796e-007	
0.1755	0.0832044	0.898745	0.017765	0.000255824	2.9319e-005	2.60363e-007	
0.17775	0.0842148	0.897536	0.0179571	0.000261625	3.03584e-005	2.73207e-007	
0.18	0.0852238	0.896329	0.0181484	0.000267472	3.14197e-005	2.86501e-007	
0.18225	0.0862315	0.895123	0.0183389	0.000273366	3.25028e-005	3.00255e-007	
0.1845	0.0872379	0.89392	0.0185285	0.000279305	3.3608e-005	3.14479e-007	
0.18675	0.0882429	0.892719	0.0187174	0.000285289	3.47354e-005	3.2918e-007	
0.189	0.0892465	0.891521	0.0189054	0.000291318	3.5885e-005	3.4437e-007	
0.19125	0.0902488	0.890324	0.0190926	0.000297391	3.7057e-005	3.60057e-007	
0.1935	0.0912497	0.889129	0.019279	0.000303507	3.82515e-005	3.76251e-007	
0.19575	0.0922493	0.887937	0.0194647	0.000309667	3.94686e-005	3.92962e-007	
0.198	0.0932476	0.886746	0.0196495	0.000315869	4.07083e-005	4.10199e-007	
0.20025	0.0942445	0.885558	0.0198335	0.000322114	4.19708e-005	4.27971e-007	
0.2025	0.0952401	0.884371	0.0200167	0.0003284	4.32561e-005	4.46289e-007	
0.20475	0.0962343	0.883187	0.0201991	0.000334727	4.45645e-005	4.65162e-007	
0.207	0.0972273	0.882005	0.0203808	0.000341095	4.58958e-005	4.84599e-007	
0.20925	0.0982188	0.880824	0.0205616	0.000347503	4.72503e-005	5.04612e-007	
0.2115	0.0992091	0.879646	0.0207417	0.00035395	4.8628e-005	5.25209e-007	
0.21375	0.100198	0.87847	0.020921	0.000360437	5.0029e-005	5.464e-007	
0.216	0.101186	0.877296	0.0210995	0.000366963	5.14533e-005	5.68195e-007	
0.21825	0.102172	0.876124	0.0212772	0.000373527	5.29011e-005	5.90604e-007	
0.2205	0.103157	0.874954	0.0214542	0.000380129	5.43724e-005	6.13638e-007	
0.22275	0.104141	0.873786	0.0216304	0.000386768	5.58673e-005	6.37305e-007	
0.225	0.105123	0.87262	0.0218058	0.000393445	5.73859e-005	6.61616e-007	
0.22725	0.106104	0.871456	0.0219805	0.000400158	5.89281e-005	6.86581e-007	
0.2295	0.107084	0.870294	0.0221544	0.000406907	6.04942e-005	7.1221e-007	
0.23175	0.108062	0.869134	0.0223275	0.000413691	6.20841e-005	7.38513e-007	
0.234	0.109039	0.867976	0.0224999	0.000420511	6.36979e-005	7.655e-007	
0.23625	0.110015	0.86682	0.0226715	0.000427366	6.53357e-005	7.93181e-007	
0.2385	0.11099	0.865666	0.0228424	0.000434255	6.69975e-005	8.21566e-007	
0.24075	0.111963	0.864514	0.0230125	0.000441178	6.86834e-005	8.50666e-007	
0.243	0.112935	0.863364	0.0231819	0.000448134	7.03934e-005	8.8049e-007	
0.24525	0.113905	0.862216	0.0233505	0.000455124	7.21275e-005	9.11049e-007	
0.2475	0.114875	0.86107	0.0235184	0.000462147	7.38859e-005	9.42353e-007	
0.24975	0.115843	0.859926	0.0236856	0.000469201	7.56686e-005	9.74412e-007	
0.252	0.11681	0.858784	0.023852	0.000476288	7.74755e-005	1.00724e-006	
0.25425	0.117775	0.857644	0.0240176	0.000483406	7.93068e-005	1.04084e-006	
0.2565	0.118739	0.856505	0.0241826	0.000490556	8.11625e-005	1.07522e-006	
0.25875	0.119702	0.855369	0.0243468	0.000497736	8.30427e-005	1.1104e-006	
0.261	0.120664	0.854235	0.0245103	0.000504946	8.49473e-005	1.14639e-006	
0.26325	0.121624	0.853102	0.0246731	0.000512186	8.68763e-005	1.1832e-006	
0.2655	0.122583	0.851972	0.0248351	0.000519456	8.88299e-005	1.22083e-006	
0.26775	0.123541	0.850844	0.0249965	0.000526756	9.08081e-005	1.2593e-006	
0.27	0.124498	0.849717	0.0251571	0.000534084	9.28108e-005	1.29861e-006	
0.27225	0.125453	0.848592	0.025317	0.00054144	9.48382e-005	1.33879e-006	
0.2745	0.126407	0.84747	0.0254762	0.000548825	9.68902e-005	1.37983e-006	
0.27675	0.12736	0.846349	0.0256346	0.000556237	9.89668e-005	1.42175e-006	
0.279	0.128311	0.84523	0.0257924	0.000563677	0.000101068	1.46456e-006	
0.28125	0.129262	0.844113	0.0259495	0.000571144	0.000103194	1.50826e-006	
0.2835	0.130211	0.842998	0.0261058	0.000578637	0.000105345	1.55288e-006	
0.28575	0.131158	0.841885	0.0262615	0.000586157	0.00010752	1.59842e-006	
0.288	0.132105	0.840774	0.0264165	0.000593703	0.000109721	1.64489e-006	
0.29025	0.13305	0.839664	0.0265707	0.000601274	0.000111945	1.69229e-006	
0.2925	0.133994	0.838557	0.0267243	0.000608871	0.000114195	1.74065e-006	
0.29475	0.134937	0.837451	0.0268772	0.000616492	0.00011647	1.78997e-006	
0.297	0.135878	0.836347	0.0270294	0.000624138	0.000118769	1.84026e-006	
0.29925	0.136819	0.835246	0.0271809	0.000631809	0.000121093	1.89153e-006	
0.3015	0.137758	0.834146	0.0273318	0.000639503	0.000123442	1.9438e-006	
0.30375	0.138696	0.833048	0.0274819	0.000647221	0.000125816	1.99706e-006	
0.306	0.139632	0.831951	0.0276314	0.000654963	0.000128214	2.05134e-006	
0.30825	0.140567	0.830857	0.0277802	0.000662727	0.000130637	2.10664e-006	
0.3105	0.141502	0.829764	0.0279283	0.000670514	0.000133085	2.16298e-006	
0.31275	0.142434	0.828674	0.0280758	0.000678324	0.000135558	2.22036e-006	
0.315	0.143366	0.827585	0.0282225	0.000686155	0.000138056	2.27879e-006	
0.31725	0.144296	0.826498	0.0283687	0.000694008	0.000140578	2.33829e-006	
0.3195	0.145226	0.825413	0.0285141	0.000701883	0.000143125	2.39886e-006	
0.32175	0.146154	0.82433	0.0286589	0.000709778	0.000145697	2.46052e-006	
0.324	0.14708	0.823248	0.028803	0.000717695	0.000148294	2.52327e-006	
0.32625	0.148006	0.822168	0.0289465	0.000725632	0.000150916	2.58713e-006	
0.3285	0.14893	0.821091	0.0290893	0.000733589	0.000153562	2.6521e-006	
0.33075	0.149853	0.820015	0.0292315	0.000741566	0.000156233	2.7182e-006	
0.333	0.150775	0.81894	0.029373	0.000749563	0.000158929	2.78544e-006	
0.33525	0.151696	0.817868	0.0295139	0.000757579	0.000161649	2.85382e-006	
0.3375	0.152616	0.816797	0.0296541	0.000765615	0.000164394	2.92336e-006	
0.33975	0.153534	0.815729	0.0297937	0.000773669	0.000167164	2.99406e-006	
0.342	0.154451	0.814662	0.0299326	0.000781741	0.000169958	3.06595e-006	
0.34425	0.155367	0.813597	0.0300709	0.000789832	0.000172777	3.13901e-006	
0.3465	0.156282	0.812533	0.0302085	0.000797941	0.000175621	3.21328e-006	
0.34875	0.157195	0.811472	0.0303455	0.000806067	0.000178489	3.28876e-006	
0.351	0.158107	0.810412	0.0304819	0.000814211	0.000181382	3.36545e-006	
0.35325	0.159018	0.809354	0.0306177	0.000822372	0.000184299	3.44337e-006	
0.3555	0.159928	0.808298	0.0307528	0.00083055	0.000187241	3.52252e-006	
0.35775	0.160837	0.807243	0.0308873	0.000838744	0.000190207	3.60293e-006	
0.36	0.161745	0.80619	0.0310212	0.000846955	0.000193198	3.68459e-006	
0.36225	0.162651	0.805139	0.0311544	0.000855182	0.000196213	3.76752e-006	
0.3645	0.163556	0.80409	0.0312871	0.000863425	0.000199252	3.85173e-006	
0.36675	0.16446	0.803043	0.0314191	0.000871683	0.000202316	3.93723e-006	
0.369	0.165363	0.801997	0.0315505	0.000879957	0.000205404	4.02403e-006	
0.37125	0.166265	0.800953	0.0316813	0.000888246	0.000208517	4.11213e-006	
0.3735	0.167165	0.799911	0.0318114	0.000896549	0.000211653	4.20155e-006	
0.37575	0.168065	0.79887	0.031941	0.000904867	0.000214814	4.2923e-006	
0.378	0.168963	0.797832	0.03207	0.0009132	0.000218	4.38439e-006	
0.38025	0.16986	0.796795	0.0321983	0.000921547	0.000221209	4.47782e-006	
0.3825	0.170756	0.79576	0.032326	0.000929907	0.000224442	4.57262e-006	
0.38475	0.17165	0.794726	0.0324532	0.000938281	0.0002277	4.66878e-006	
0.387	0.172544	0.793694	0.0325797	0.000946669	0.000230981	4.76632e-006	
0.38925	0.173436	0.792664	0.0327057	0.000955069	0.000234287	4.86524e-006	
0.3915	0.174327	0.791636	0.032831	0.000963483	0.000237616	4.96557e-006	
0.39375	0.175217	0.790609	0.0329558	0.000971909	0.00024097	5.0673e-006	
0.396	0.176106	0.789584	0.03308	0.000980348	0.000244347	5.17044e-006	
0.39825	0.176994	0.788561	0.0332035	0.000988799	0.000247748	5.27501e-006	
0.4005	0.17788	0.787539	0.0333265	0.000997262	0.000251173	5.38102e-006	
0.40275	0.178766	0.78652	0.0334489	0.00100574	0.000254621	5.48848e-006	
0.405	0.17965	0.785501	0.0335708	0.00101422	0.000258093	5.59739e-006	
0.40725	0.180533	0.784485	0.033692	0.00102272	0.000261589	5.70776e-006	
0.4095	0.181415	0.78347	0.0338127	0.00103123	0.000265109	5.81961e-006	
0.41175	0.182296	0.782457	0.0339328	0.00103975	0.000268652	5.93294e-006	
0.414	0.183176	0.781446	0.0340523	0.00104828	0.000272218	6.04777e-006	
0.41625	0.184054	0.780436	0.0341712	0.00105682	0.000275808	6.1641e-006	
0.4185	0.184932	0.779428	0.0342896	0.00106537	0.000279422	6.28194e-006	
0.42075	0.185808	0.778421	0.0344074	0.00107394	0.000283058	6.40131e-006	
0.423	0.186683	0.777417	0.0345246	0.00108251	0.000286718	6.52221e-006	
0.42525	0.187557	0.776414	0.0346413	0.00109109	0.000290401	6.64465e-006	
0.4275	0.18843	0.775412	0.0347574	0.00109968	0.000294108	6.76863e-006	
0.42975	0.189302	0.774412	0.034873	0.00110828	0.000297837	6.89418e-006	
0.432	0.190172	0.773414	0.0349879	0.00111689	0.00030159	7.0213e-006	
0.43425	0.191042	0.772418	0.0351024	0.00112551	0.000305365	7.15e-006	
0.4365	0.19191	0.771423	0.0352162	0.00113414	0.000309164	7.28028e-006	
0.43875	0.192778	0.77043	0.0353296	0.00114277	0.000312985	7.41216e-006	
0.441	0.193644	0.769438	0.0354423	0.00115142	0.000316829	7.54565e-006	
0.44325	0.194509	0.768448	0.0355545	0.00116007	0.000320696	7.68075e-006	
0.4455	0.195373	0.76746	0.0356662	0.00116873	0.000324586	7.81748e-006	
0.44775	0.196236	0.766473	0.0357773	0.0011774	0.000328499	7.95584e-006	
0.45	0.197097	0.765488	0.0358879	0.00118607	0.000332434	8.09585e-006	
0.45225	0.197958	0.764505	0.035998	0.00119475	0.000336391	8.23751e-006	
0.4545	0.198818	0.763523	0.0361075	0.00120344	0.000340371	8.38082e-006	
0.45675	0.199676	0.762543	0.0362164	0.00121214	0.000344374	8.52581e-006	
0.459	0.200533	0.761564	0.0363249	0.00122085	0.000348399	8.67248e-006	
0.46125	0.20139	0.760587	0.0364327	0.00122956	0.000352446	8.82083e-006	
0.4635	0.202245	0.759612	0.0365401	0.00123828	0.000356515	8.97089e-006	
0.46575	0.203099	0.758638	0.0366469	0.001247	0.000360607	9.12264e-006	
0.468	0.203952	0.757666	0.0367532	0.00125573	0.00036472	9.27612e-006	
0.47025	0.204803	0.756695	0.036859	0.00126447	0.000368856	9.43131e-006	
0.4725	0.205654	0.755726	0.0369642	0.00127321	0.000373014	9.58824e-006	
0.47475	0.206504	0.754758	0.037069	0.00128196	0.000377193	9.74691e-006	
0.477	0.207352	0.753793	0.0371732	0.00129071	0.000381395	9.90733e-006	
0.47925	0.2082	0.752828	0.0372768	0.00129947	0.000385618	1.00695e-005	
0.4815	0.209046	0.751865	0.03738	0.00130823	0.000389863	1.02335e-005	
0.48375	0.209892	0.750904	0.0374827	0.001317	0.000394129	1.03992e-005	
0.486	0.210736	0.749945	0.0375848	0.00132578	0.000398417	1.05667e-005	
0.48825	0.211579	0.748987	0.0376864	0.00133455	0.000402727	1.0736e-005	
0.4905	0.212421	0.74803	0.0377875	0.00134334	0.000407058	1.09071e-005	
0.49275	0.213262	0.747075	0.0378881	0.00135213	0.00041141	1.108e-005	
0.495	0.214102	0.746122	0.0379882	0.00136092	0.000415784	1.12547e-005	
0.49725	0.214941	0.74517	0.0380878	0.00136971	0.000420179	1.14313e-005	
0.4995	0.215779	0.74422	0.0381869	0.00137851	0.000424595	1.16097e-005	
0.50175	0.216615	0.743271	0.0382855	0.00138732	0.000429032	1.17899e-005	
0.504	0.217451	0.742324	0.0383835	0.00139613	0.000433491	1.1972e-005	
0.50625	0.218286	0.741378	0.0384811	0.00140494	0.00043797	1.21559e-005	
0.5085	0.219119	0.740434	0.0385782	0.00141375	0.00044247	1.23417e-005	
0.51075	0.219952	0.739492	0.0386748	0.00142257	0.000446991	1.25294e-005	
0.513	0.220783	0.738551	0.0387709	0.00143139	0.000451532	1.2719e-005	
0.51525	0.221613	0.737611	0.0388665	0.00144022	0.000456094	1.29105e-005	
0.5175	0.222443	0.736673	0.0389616	0.00144904	0.000460677	1.31039e-005	
0.51975	0.223271	0.735737	0.0390562	0.00145787	0.000465281	1.32991e-005	
0.522	0.224098	0.734802	0.0391504	0.00146671	0.000469904	1.34963e-005	
0.52425	0.224924	0.733868	0.039244	0.00147554	0.000474548	1.36955e-005	
0.5265	0.225749	0.732936	0.0393372	0.00148438	0.000479213	1.38965e-005	
0.52875	0.226573	0.732006	0.0394299	0.00149322	0.000483897	1.40995e-005	
0.531	0.227396	0.731077	0.0395221	0.00150206	0.000488602	1.43045e-005	
0.53325	0.228218	0.730149	0.0396138	0.0015109	0.000493327	1.45114e-005	
0.5355	0.229039	0.729223	0.0397051	0.00151975	0.000498072	1.47202e-005	
0.53775	0.229859	0.728299	0.0397959	0.00152859	0.000502836	1.49311e-005	
0.54	0.230678	0.727376	0.0398862	0.00153744	0.000507621	1.51439e-005	
0.54225	0.231496	0.726454	0.039976	0.00154629	0.000512425	1.53587e-005	
0.5445	0.232312	0.725534	0.0400654	0.00155514	0.000517249	1.55755e-005	
0.54675	0.233128	0.724616	0.0401543	0.001564	0.000522093	1.57943e-005	
0.549	0.233943	0.723699	0.0402427	0.00157285	0.000526956	1.60152e-005	
0.55125	0.234756	0.722783	0.0403307	0.0015817	0.000531839	1.6238e-005	
0.5535	0.235569	0.721869	0.0404182	0.00159056	0.000536741	1.64629e-005	
0.55575	0.236381	0.720956	0.0405052	0.00159941	0.000541662	1.66898e-005	
0.558	0.237191	0.720045	0.0405918	0.00160827	0.000546602	1.69187e-005	
0.56025	0.238001	0.719136	0.0406779	0.00161713	0.000551562	1.71497e-005	
0.5625	0.238809	0.718227	0.0407636	0.00162598	0.00055654	1.73827e-005	
0.56475	0.239617	0.717321	0.0408488	0.00163484	0.000561538	1.76178e-005	
0.567	0.240423	0.716415	0.0409336	0.0016437	0.000566555	1.7855e-005	
0.56925	0.241229	0.715511	0.0410179	0.00165255	0.00057159	1.80943e-005	
0.5715	0.242033	0.714609	0.0411017	0.00166141	0.000576644	1.83356e-005	
0.57375	0.242837	0.713708	0.0411851	0.00167027	0.000581717	1.85791e-005	
0.576	0.243639	0.712808	0.0412681	0.00167912	0.000586808	1.88246e-005	
0.57825	0.24444	0.71191	0.0413506	0.00168798	0.000591918	1.90722e-005	
0.5805	0.245241	0.711013	0.0414327	0.00169683	0.000597047	1.9322e-005	
0.58275	0.24604	0.710118	0.0415143	0.00170569	0.000602193	1.95739e-005	
0.585	0.246839	0.709224	0.0415955	0.00171454	0.000607358	1.98279e-005	
0.58725	0.247636	0.708332	0.0416762	0.0017234	0.000612541	2.0084e-005	
0.5895	0.248432	0.707441	0.0417565	0.00173225	0.000617742	2.03423e-005	
0.59175	0.249228	0.706551	0.0418364	0.0017411	0.000622962	2.06027e-005	
0.594	0.250022	0.705663	0.0419159	0.00174995	0.000628199	2.08653e-005	
0.59625	0.250816	0.704776	0.0419949	0.0017588	0.000633454	2.11301e-005	
0.5985	0.251608	0.703891	0.0420734	0.00176764	0.000638727	2.1397e-005	
0.60075	0.252399	0.703007	0.0421516	0.00177649	0.000644018	2.16661e-005	
0.603	0.25319	0.702125	0.0422293	0.00178533	0.000649326	2.19374e-005	
0.60525	0.253979	0.701243	0.0423066	0.00179417	0.000654651	2.22108e-005	
0.6075	0.254767	0.700364	0.0423834	0.00180302	0.000659995	2.24865e-005	
0.60975	0.255555	0.699485	0.0424599	0.00181185	0.000665355	2.27644e-005	
0.612	0.256341	0.698608	0.0425359	0.00182069	0.000670733	2.30444e-005	
0.61425	0.257127	0.697733	0.0426115	0.00182952	0.000676128	2.33267e-005	
0.6165	0.257911	0.696859	0.0426866	0.00183836	0.000681541	2.36112e-005	
0.61875	0.258695	0.695986	0.0427614	0.00184719	0.00068697	2.3898e-005	
0.621	0.259477	0.695114	0.0428357	0.00185601	0.000692416	2.41869e-005	
0.62325	0.260259	0.694244	0.0429096	0.00186484	0.000697879	2.44782e-005	
0.6255	0.261039	0.693376	0.0429832	0.00187366	0.000703359	2.47716e-005	
0.62775	0.261819	0.692509	0.0430562	0.00188248	0.000708856	2.50673e-005	
0.63	0.262598	0.691643	0.0431289	0.0018913	0.000714369	2.53653e-005	
0.63225	0.263375	0.690778	0.0432012	0.00190011	0.000719899	2.56656e-005	
0.6345	0.264152	0.689915	0.0432731	0.00190892	0.000725446	2.59681e-005	
0.63675	0.264927	0.689053	0.0433445	0.00191773	0.000731009	2.62729e-005	
0.639	0.265702	0.688193	0.0434156	0.00192654	0.000736588	2.658e-005	
0.64125	0.266476	0.687334	0.0434862	0.00193534	0.000742183	2.68893e-005	
0.6435	0.267249	0.686476	0.0435565	0.00194414	0.000747795	2.7201e-005	
0.64575	0.268021	0.685619	0.0436263	0.00195294	0.000753422	2.7515e-005	
0.648	0.268791	0.684764	0.0436958	0.00196173	0.000759066	2.78313e-005	
0.65025	0.269561	0.683911	0.0437648	0.00197052	0.000764725	2.81499e-005	
0.6525	0.27033	0.683058	0.0438335	0.0019793	0.000770401	2.84708e-005	
0.65475	0.271098	0.682207	0.0439017	0.00198808	0.000776092	2.8794e-005	
0.657	0.271865	0.681358	0.0439696	0.00199686	0.000781799	2.91196e-005	
0.65925	0.272631	0.680509	0.044037	0.00200564	0.000787521	2.94475e-005	
0.6615	0.273396	0.679662	0.0441041	0.00201441	0.000793259	2.97778e-005	
0.66375	0.274161	0.678816	0.0441708	0.00202317	0.000799012	3.01104e-005	
0.666	0.274924	0.677972	0.0442371	0.00203194	0.000804781	3.04453e-005	
0.66825	0.275686	0.677129	0.044303	0.00204069	0.000810564	3.07827e-005	
0.6705	0.276447	0.676287	0.0443685	0.00204945	0.000816363	3.11223e-005	
0.67275	0.277208	0.675447	0.0444337	0.0020582	0.000822178	3.14644e-005	
0.675	0.277967	0.674608	0.0444984	0.00206694	0.000828007	3.18088e-005	
0.67725	0.278726	0.67377	0.0445628	0.00207568	0.000833851	3.21557e-005	
0.6795	0.279483	0.672934	0.0446268	0.00208442	0.00083971	3.25049e-005	
0.68175	0.28024	0.672098	0.0446904	0.00209315	0.000845583	3.28565e-005	
0.684	0.280995	0.671264	0.0447537	0.00210188	0.000851471	3.32105e-005	
0.68625	0.28175	0.670432	0.0448165	0.0021106	0.000857374	3.35669e-005	
0.6885	0.282504	0.669601	0.044879	0.00211932	0.000863292	3.39257e-005	
0.69075	0.283257	0.668771	0.0449412	0.00212803	0.000869224	3.42869e-005	
0.693	0.284009	0.667942	0.0450029	0.00213674	0.00087517	3.46506e-005	
0.69525	0.28476	0.667115	0.0450643	0.00214545	0.00088113	3.50167e-005	
0.6975	0.28551	0.666289	0.0451253	0.00215414	0.000887105	3.53852e-005	
0.69975	0.286259	0.665464	0.0451859	0.00216284	0.000893094	3.57561e-005	
0.702	0.287007	0.66464	0.0452462	0.00217153	0.000899096	3.61295e-005	
0.70425	0.287754	0.663818	0.0453061	0.00218021	0.000905113	3.65053e-005	
0.7065	0.288501	0.662997	0.0453656	0.00218889	0.000911144	3.68836e-005	
0.70875	0.289246	0.662177	0.0454248	0.00219756	0.000917188	3.72643e-005	
0.711	0.289991	0.661359	0.0454836	0.00220623	0.000923246	3.76475e-005	
0.71325	0.290734	0.660542	0.0455421	0.00221489	0.000929317	3.80331e-005	
0.7155	0.291477	0.659726	0.0456002	0.00222354	0.000935403	3.84213e-005	
0.71775	0.292219	0.658911	0.0456579	0.00223219	0.000941501	3.88119e-005	
0.72	0.292959	0.658098	0.0457153	0.00224084	0.000947613	3.92049e-005	
0.72225	0.293699	0.657286	0.0457723	0.00224948	0.000953738	3.96005e-005	
0.7245	0.294438	0.656475	0.045829	0.00225811	0.000959877	3.99986e-005	
0.72675	0.295176	0.655665	0.0458853	0.00226674	0.000966028	4.03991e-005	
0.729	0.295914	0.654857	0.0459413	0.00227536	0.000972193	4.08021e-005	
0.73125	0.29665	0.65405	0.0459969	0.00228397	0.000978371	4.12077e-005	
0.7335	0.297385	0.653244	0.0460521	0.00229258	0.000984561	4.16157e-005	
0.73575	0.29812	0.652439	0.0461071	0.00230119	0.000990764	4.20263e-005	
0.738	0.298853	0.651636	0.0461616	0.00230978	0.00099698	4.24394e-005	
0.74025	0.299586	0.650834	0.0462159	0.00231837	0.00100321	4.2855e-005	
0.7425	0.300318	0.650033	0.0462697	0.00232696	0.00100945	4.32731e-005	
0.74475	0.301049	0.649233	0.0463233	0.00233554	0.0010157	4.36937e-005	
0.747	0.301778	0.648435	0.0463765	0.00234411	0.00102197	4.41169e-005	
0.74925	0.302508	0.647638	0.0464293	0.00235268	0.00102825	4.45426e-005	
0.7515	0.303236	0.646842	0.0464819	0.00236124	0.00103454	4.49709e-005	
0.75375	0.303963	0.646047	0.046534	0.00236979	0.00104084	4.54017e-005	
0.756	0.304689	0.645254	0.0465859	0.00237833	0.00104716	4.58351e-005	
0.75825	0.305415	0.644461	0.0466374	0.00238687	0.00105348	4.6271e-005	
0.7605	0.306139	0.64367	0.0466886	0.00239541	0.00105982	4.67094e-005	
0.76275	0.306863	0.64288	0.0467394	0.00240393	0.00106617	4.71505e-005	
0.765	0.307586	0.642092	0.0467899	0.00241245	0.00107253	4.75941e-005	
0.76725	0.308308	0.641304	0.0468401	0.00242097	0.00107891	4.80402e-005	
0.7695	0.309029	0.640518	0.0468899	0.00242947	0.00108529	4.8489e-005	
0.77175	0.309749	0.639733	0.0469395	0.00243797	0.00109169	4.89403e-005	
0.774	0.310468	0.638949	0.0469887	0.00244646	0.0010981	4.93942e-005	
0.77625	0.311187	0.638166	0.0470375	0.00245495	0.00110452	4.98507e-005	
0.7785	0.311904	0.637385	0.0470861	0.00246343	0.00111095	5.03097e-005	
0.78075	0.312621	0.636605	0.0471343	0.0024719	0.00111739	5.07714e-005	
0.783	0.313337	0.635826	0.0471822	0.00248036	0.00112385	5.12357e-005	
0.78525	0.314052	0.635048	0.0472298	0.00248882	0.00113031	5.17025e-005	
0.7875	0.314766	0.634271	0.047277	0.00249727	0.00113679	5.2172e-005	
0.78975	0.315479	0.633496	0.0473239	0.00250571	0.00114327	5.26441e-005	
0.792	0.316191	0.632721	0.0473706	0.00251414	0.00114977	5.31187e-005	
0.79425	0.316902	0.631948	0.0474169	0.00252257	0.00115628	5.3596e-005	
0.7965	0.317613	0.631176	0.0474628	0.00253099	0.0011628	5.4076e-005	
0.79875	0.318323	0.630406	0.0475085	0.0025394	0.00116933	5.45585e-005	
0.801	0.319031	0.629636	0.0475539	0.00254781	0.00117587	5.50437e-005	
0.80325	0.319739	0.628868	0.0475989	0.00255621	0.00118242	5.55314e-005	
0.8055	0.320446	0.6281	0.0476437	0.0025646	0.00118898	5.60219e-005	
0.80775	0.321153	0.627334	0.0476881	0.00257298	0.00119555	5.65149e-005	
0.81	0.321858	0.626569	0.0477322	0.00258135	0.00120213	5.70106e-005	
0.81225	0.322562	0.625806	0.047776	0.00258972	0.00120872	5.7509e-005	
0.8145	0.323266	0.625043	0.0478195	0.00259808	0.00121532	5.80099e-005	
0.81675	0.323969	0.624282	0.0478627	0.00260643	0.00122193	5.85136e-005	
0.819	0.324671	0.623521	0.0479056	0.00261477	0.00122855	5.90198e-005	
0.82125	0.325372	0.622762	0.0479482	0.00262311	0.00123518	5.95288e-005	
0.8235	0.326072	0.622004	0.0479905	0.00263144	0.00124182	6.00404e-005	
0.82575	0.326771	0.621247	0.0480325	0.00263976	0.00124847	6.05546e-005	
0.828	0.32747	0.620492	0.0480741	0.00264807	0.00125513	6.10715e-005	
0.83025	0.328168	0.619737	0.0481155	0.00265637	0.0012618	6.15911e-005	
0.8325	0.328864	0.618984	0.0481566	0.00266467	0.00126848	6.21134e-005	
0.83475	0.32956	0.618232	0.0481974	0.00267296	0.00127517	6.26383e-005	
0.837	0.330255	0.61748	0.0482379	0.00268124	0.00128187	6.31659e-005	
0.83925	0.33095	0.61673	0.0482781	0.00268951	0.00128857	6.36962e-005	
0.8415	0.331643	0.615982	0.048318	0.00269777	0.00129529	6.42291e-005	
0.84375	0.332336	0.615234	0.0483576	0.00270603	0.00130201	6.47648e-005	
0.846	0.333027	0.614487	0.048397	0.00271427	0.00130875	6.53031e-005	
0.84825	0.333718	0.613742	0.048436	0.00272251	0.00131549	6.58441e-005	
0.8505	0.334408	0.612998	0.0484747	0.00273074	0.00132224	6.63878e-005	
0.85275	0.335098	0.612254	0.0485132	0.00273896	0.001329	6.69342e-005	
0.855	0.335786	0.611512	0.0485514	0.00274718	0.00133577	6.74833e-005	
0.85725	0.336474	0.610771	0.0485892	0.00275538	0.00134254	6.80351e-005	
0.8595	0.33716	0.610031	0.0486268	0.00276358	0.00134933	6.85896e-005	
0.86175	0.337846	0.609293	0.0486642	0.00277177	0.00135612	6.91468e-005	
0.864	0.338531	0.608555	0.0487012	0.00277994	0.00136293	6.97067e-005	
0.86625	0.339216	0.607818	0.0487379	0.00278812	0.00136974	7.02693e-005	
0.8685	0.339899	0.607083	0.0487744	0.00279628	0.00137656	7.08346e-005	
0.87075	0.340582	0.606349	0.0488106	0.00280443	0.00138338	7.14027e-005	
0.873	0.341263	0.605615	0.0488465	0.00281258	0.00139022	7.19734e-005	
0.87525	0.341944	0.604883	0.0488821	0.00282071	0.00139706	7.25469e-005	
0.8775	0.342624	0.604152	0.0489175	0.00282884	0.00140392	7.31231e-005	
0.87975	0.343304	0.603422	0.0489526	0.00283696	0.00141077	7.3702e-005	
0.882	0.343982	0.602694	0.0489874	0.00284507	0.00141764	7.42837e-005	
0.88425	0.34466	0.601966	0.0490219	0.00285317	0.00142452	7.4868e-005	
0.8865	0.345337	0.601239	0.0490562	0.00286126	0.0014314	7.54551e-005	
0.88875	0.346013	0.600514	0.0490901	0.00286935	0.00143829	7.6045e-005	
0.891	0.346688	0.599789	0.0491239	0.00287742	0.00144519	7.66375e-005	
0.89325	0.347362	0.599066	0.0491573	0.00288549	0.00145209	7.72328e-005	
0.8955	0.348036	0.598343	0.0491905	0.00289354	0.001459	7.78309e-005	
0.89775	0.348709	0.597622	0.0492234	0.00290159	0.00146592	7.84316e-005	
0.9	0.349381	0.596902	0.049256	0.00290963	0.00147285	7.90352e-005	
0.90225	0.350052	0.596183	0.0492884	0.00291766	0.00147978	7.96414e-005	
0.9045	0.350722	0.595465	0.0493205	0.00292568	0.00148672	8.02504e-005	
0.90675	0.351392	0.594748	0.0493524	0.00293369	0.00149367	8.08622e-005	
0.909	0.35206	0.594032	0.0493839	0.00294169	0.00150063	8.14767e-005	
0.91125	0.352728	0.593317	0.0494153	0.00294969	0.00150759	8.2094e-005	
0.9135	0.353395	0.592603	0.0494463	0.00295767	0.00151456	8.2714e-005	
0.91575	0.354062	0.591891	0.0494771	0.00296564	0.00152153	8.33367e-005	
0.918	0.354727	0.591179	0.0495077	0.00297361	0.00152852	8.39622e-005	
0.92025	0.355392	0.590469	0.0495379	0.00298157	0.0015355	8.45905e-005	
0.9225	0.356056	0.589759	0.049568	0.00298951	0.0015425	8.52216e-005	
0.92475	0.356719	0.589051	0.0495977	0.00299745	0.0015495	8.58554e-005	
0.927	0.357381	0.588343	0.0496273	0.00300538	0.00155651	8.64919e-005	
0.92925	0.358043	0.587637	0.0496565	0.0030133	0.00156352	8.71312e-005	
0.9315	0.358704	0.586932	0.0496855	0.00302121	0.00157054	8.77733e-005	
0.93375	0.359363	0.586227	0.0497143	0.00302911	0.00157757	8.84182e-005	
0.936	0.360023	0.585524	0.0497428	0.003037	0.0015846	8.90658e-005	
0.93825	0.360681	0.584822	0.049771	0.00304488	0.00159164	8.97162e-005	
0.9405	0.361339	0.584121	0.049799	0.00305275	0.00159869	9.03694e-005	
0.94275	0.361995	0.583421	0.0498268	0.00306062	0.00160574	9.10253e-005	
0.945	0.362651	0.582722	0.0498543	0.00306847	0.0016128	9.1684e-005	
0.94725	0.363307	0.582024	0.0498816	0.00307631	0.00161986	9.23455e-005	
0.9495	0.363961	0.581327	0.0499086	0.00308415	0.00162693	9.30098e-005	
0.95175	0.364615	0.580631	0.0499353	0.00309197	0.001634	9.36768e-005	
0.954	0.365267	0.579936	0.0499619	0.00309979	0.00164108	9.43466e-005	
0.95625	0.36592	0.579242	0.0499881	0.00310759	0.00164816	9.50192e-005	
0.9585	0.366571	0.578549	0.0500142	0.00311539	0.00165525	9.56946e-005	
0.96075	0.367221	0.577857	0.05004	0.00312317	0.00166235	9.63728e-005	
0.963	0.367871	0.577166	0.0500655	0.00313095	0.00166945	9.70537e-005	
0.96525	0.36852	0.576476	0.0500908	0.00313872	0.00167656	9.77374e-005	
0.9675	0.369168	0.575787	0.0501159	0.00314647	0.00168367	9.8424e-005	
0.96975	0.369816	0.5751	0.0501408	0.00315422	0.00169079	9.91133e-005	
0.972	0.370462	0.574413	0.0501654	0.00316196	0.00169791	9.98053e-005	
0.97425	0.371108	0.573727	0.0501897	0.00316969	0.00170503	0.0001005	
0.9765	0.371753	0.573042	0.0502139	0.0031774	0.00171217	0.000101198	
0.97875	0.372398	0.572358	0.0502378	0.00318511	0.0017193	0.000101898	
0.981	0.373041	0.571676	0.0502614	0.00319281	0.00172644	0.000102602	
0.98325	0.373684	0.570994	0.0502848	0.0032005	0.00173359	0.000103308	
0.9855	0.374326	0.570313	0.050308	0.00320818	0.00174074	0.000104016	
0.98775	0.374967	0.569633	0.050331	0.00321585	0.00174789	0.000104728	
0.99	0.375608	0.568955	0.0503537	0.00322351	0.00175505	0.000105443	
0.99225	0.376248	0.568277	0.0503763	0.00323116	0.00176222	0.00010616	
0.9945	0.376886	0.5676	0.0503985	0.0032388	0.00176939	0.00010688	
0.99675	0.377525	0.566924	0.0504206	0.00324642	0.00177656	0.000107603	
0.999	0.378162	0.566249	0.0504424	0.00325404	0.00178374	0.000108328	
1.00125	0.378799	0.565576	0.050464	0.00326165	0.00179092	0.000109057	
1.0035	0.379435	0.564903	0.0504854	0.00326925	0.00179811	0.000109788	
1.00575	0.38007	0.564231	0.0505065	0.00327684	0.00180529	0.000110522	
1.008	0.380704	0.56356	0.0505275	0.00328442	0.00181249	0.000111259	
1.01025	0.381338	0.56289	0.0505482	0.00329199	0.00181969	0.000111998	
1.0125	0.381971	0.562221	0.0505687	0.00329955	0.00182689	0.000112741	
1.01475	0.382603	0.561553	0.0505889	0.0033071	0.00183409	0.000113486	
1.017	0.383235	0.560886	0.050609	0.00331464	0.0018413	0.000114234	
1.01925	0.383865	0.56022	0.0506288	0.00332217	0.00184852	0.000114985	
1.0215	0.384495	0.559555	0.0506484	0.00332969	0.00185573	0.000115738	
1.02375	0.385124	0.558891	0.0506678	0.0033372	0.00186295	0.000116495	
1.026	0.385753	0.558228	0.0506869	0.0033447	0.00187018	0.000117254	
1.02825	0.386381	0.557566	0.0507059	0.00335218	0.0018774	0.000118016	
1.0305	0.387007	0.556905	0.0507246	0.00335966	0.00188464	0.000118781	
1.03275	0.387634	0.556245	0.0507432	0.00336713	0.00189187	0.000119548	
1.035	0.388259	0.555586	0.0507615	0.00337459	0.00189911	0.000120319	
1.03725	0.388884	0.554927	0.0507796	0.00338204	0.00190635	0.000121092	
1.0395	0.389508	0.55427	0.0507975	0.00338948	0.00191359	0.000121868	
1.04175	0.390131	0.553614	0.0508151	0.0033969	0.00192084	0.000122647	
1.044	0.390754	0.552958	0.0508326	0.00340432	0.00192809	0.000123428	
1.04625	0.391375	0.552304	0.0508499	0.00341173	0.00193534	0.000124213	
1.0485	0.391996	0.55165	0.0508669	0.00341912	0.0019426	0.000125	
1.05075	0.392617	0.550998	0.0508838	0.00342651	0.00194986	0.00012579	
1.053	0.393236	0.550346	0.0509004	0.00343389	0.00195712	0.000126583	
1.05525	0.393855	0.549695	0.0509168	0.00344125	0.00196438	0.000127379	
1.0575	0.394473	0.549046	0.0509331	0.00344861	0.00197165	0.000128177	
1.05975	0.39509	0.548397	0.0509491	0.00345595	0.00197892	0.000128979	
1.062	0.395707	0.547749	0.0509649	0.00346329	0.00198619	0.000129783	
1.06425	0.396323	0.547102	0.0509805	0.00347061	0.00199347	0.000130589	
1.0665	0.396938	0.546456	0.0509959	0.00347793	0.00200075	0.000131399	
1.06875	0.397553	0.545811	0.0510111	0.00348523	0.00200803	0.000132212	
1.071	0.398166	0.545167	0.0510261	0.00349253	0.00201531	0.000133027	
1.07325	0.398779	0.544524	0.0510409	0.00349981	0.00202259	0.000133845	
1.0755	0.399392	0.543881	0.0510555	0.00350708	0.00202988	0.000134666	
1.07775	0.400003	0.54324	0.0510699	0.00351435	0.00203717	0.00013549	
1.08	0.400614	0.542599	0.0510842	0.0035216	0.00204446	0.000136316	
1.08225	0.401224	0.54196	0.0510982	0.00352884	0.00205175	0.000137145	
1.0845	0.401834	0.541321	0.051112	0.00353607	0.00205905	0.000137978	
1.08675	0.402442	0.540684	0.0511256	0.00354329	0.00206635	0.000138813	
1.089	0.40305	0.540047	0.051139	0.0035505	0.00207365	0.00013965	
1.09125	0.403658	0.539411	0.0511523	0.0035577	0.00208095	0.000140491	
1.0935	0.404264	0.538776	0.0511653	0.00356489	0.00208825	0.000141334	
1.09575	0.40487	0.538142	0.0511782	0.00357207	0.00209556	0.00014218	
1.098	0.405475	0.537509	0.0511908	0.00357924	0.00210286	0.000143029	
1.10025	0.406079	0.536877	0.0512033	0.0035864	0.00211017	0.000143881	
1.1025	0.406683	0.536246	0.0512156	0.00359355	0.00211748	0.000144735	
1.10475	0.407286	0.535615	0.0512276	0.00360068	0.00212479	0.000145593	
1.107	0.407888	0.534986	0.0512395	0.00360781	0.0021321	0.000146453	
1.10925	0.40849	0.534357	0.0512512	0.00361493	0.00213942	0.000147316	
1.1115	0.409091	0.53373	0.0512628	0.00362203	0.00214673	0.000148181	
1.11375	0.409691	0.533103	0.0512741	0.00362913	0.00215405	0.00014905	
1.116	0.41029	0.532477	0.0512852	0.00363621	0.00216137	0.000149921	
1.11825	0.410889	0.531852	0.0512962	0.00364328	0.00216869	0.000150795	
1.1205	0.411487	0.531228	0.051307	0.00365035	0.00217601	0.000151672	
1.12275	0.412085	0.530605	0.0513176	0.0036574	0.00218333	0.000152552	
1.125	0.412681	0.529982	0.051328	0.00366444	0.00219066	0.000153434	
1.12725	0.413277	0.529361	0.0513382	0.00367147	0.00219798	0.000154319	
1.1295	0.413872	0.52874	0.0513483	0.0036785	0.0022053	0.000155208	
1.13175	0.414467	0.528121	0.0513581	0.00368551	0.00221263	0.000156098	
1.134	0.415061	0.527502	0.0513678	0.00369251	0.00221996	0.000156992	
1.13625	0.415654	0.526884	0.0513773	0.0036995	0.00222728	0.000157888	
1.1385	0.416247	0.526267	0.0513866	0.00370647	0.00223461	0.000158788	
1.14075	0.416838	0.525651	0.0513958	0.00371344	0.00224194	0.00015969	
1.143	0.417429	0.525036	0.0514048	0.0037204	0.00224927	0.000160594	
1.14525	0.41802	0.524421	0.0514136	0.00372735	0.0022566	0.000161502	
1.1475	0.418609	0.523808	0.0514222	0.00373428	0.00226393	0.000162412	
1.14975	0.419198	0.523195	0.0514306	0.00374121	0.00227126	0.000163325	
1.152	0.419787	0.522583	0.0514389	0.00374812	0.0022786	0.000164241	
1.15425	0.420374	0.521973	0.051447	0.00375503	0.00228593	0.00016516	
1.1565	0.420961	0.521363	0.0514549	0.00376192	0.00229326	0.000166081	
1.15875	0.421548	0.520753	0.0514627	0.0037688	0.00230059	0.000167006	
1.161	0.422133	0.520145	0.0514702	0.00377568	0.00230793	0.000167933	
1.16325	0.422718	0.519538	0.0514776	0.00378254	0.00231526	0.000168862	
1.1655	0.423302	0.518931	0.0514849	0.00378939	0.00232259	0.000169795	
1.16775	0.423886	0.518325	0.0514919	0.00379623	0.00232993	0.00017073	
1.17	0.424469	0.517721	0.0514988	0.00380306	0.00233726	0.000171668	
1.17225	0.425051	0.517117	0.0515055	0.00380988	0.0023446	0.000172609	
1.1745	0.425632	0.516513	0.0515121	0.00381669	0.00235193	0.000173553	
1.17675	0.426213	0.515911	0.0515185	0.00382348	0.00235926	0.000174499	
1.179	0.426793	0.51531	0.0515247	0.00383027	0.0023666	0.000175449	
1.18125	0.427373	0.514709	0.0515308	0.00383705	0.00237393	0.000176401	
1.1835	0.427952	0.514109	0.0515367	0.00384381	0.00238126	0.000177355	
1.18575	0.42853	0.513511	0.0515424	0.00385057	0.0023886	0.000178313	
1.188	0.429107	0.512913	0.0515479	0.00385731	0.00239593	0.000179273	
1.19025	0.429684	0.512315	0.0515533	0.00386405	0.00240326	0.000180236	
1.1925	0.43026	0.511719	0.0515586	0.00387077	0.00241059	0.000181202	
1.19475	0.430835	0.511123	0.0515637	0.00387748	0.00241793	0.00018217	
1.197	0.43141	0.510529	0.0515686	0.00388418	0.00242526	0.000183142	
1.19925	0.431984	0.509935	0.0515733	0.00389087	0.00243259	0.000184116	
1.2015	0.432558	0.509342	0.0515779	0.00389755	0.00243992	0.000185092	
1.20375	0.43313	0.50875	0.0515823	0.00390422	0.00244725	0.000186072	
1.206	0.433703	0.508158	0.0515866	0.00391088	0.00245457	0.000187054	
1.20825	0.434274	0.507568	0.0515907	0.00391753	0.0024619	0.000188039	
1.2105	0.434845	0.506978	0.0515947	0.00392416	0.00246923	0.000189027	
1.21275	0.435415	0.506389	0.0515985	0.00393079	0.00247655	0.000190017	
1.215	0.435984	0.505801	0.0516021	0.0039374	0.00248388	0.000191011	
1.21725	0.436553	0.505214	0.0516056	0.00394401	0.0024912	0.000192007	
1.2195	0.437121	0.504628	0.0516089	0.0039506	0.00249853	0.000193006	
1.22175	0.437689	0.504042	0.0516121	0.00395719	0.00250585	0.000194007	
1.224	0.438255	0.503458	0.0516151	0.00396376	0.00251317	0.000195011	
1.22625	0.438822	0.502874	0.051618	0.00397032	0.00252049	0.000196018	
1.2285	0.439387	0.502291	0.0516207	0.00397687	0.00252781	0.000197028	
1.23075	0.439952	0.501708	0.0516233	0.00398341	0.00253513	0.00019804	
1.233	0.440516	0.501127	0.0516257	0.00398994	0.00254245	0.000199056	
1.23525	0.44108	0.500546	0.0516279	0.00399646	0.00254976	0.000200073	
1.2375	0.441643	0.499966	0.05163	0.00400297	0.00255708	0.000201094	
1.23975	0.442205	0.499387	0.051632	0.00400946	0.00256439	0.000202117	
1.242	0.442766	0.498809	0.0516338	0.00401595	0.0025717	0.000203144	
1.24425	0.443327	0.498232	0.0516355	0.00402243	0.00257901	0.000204172	
1.2465	0.443888	0.497655	0.051637	0.00402889	0.00258632	0.000205204	
1.24875	0.444447	0.497079	0.0516383	0.00403534	0.00259363	0.000206238	
1.251	0.445006	0.496504	0.0516396	0.00404179	0.00260093	0.000207275	
