0	0	1	0	0	0	0	
0.00225	0.00112437	0.998876	0	0	0	0	
0.0045	0.00224747	0.997753	0	0	0	0	
0.00675	0.00336931	0.996631	0	0	0	0	
0.009	0.00448989	0.99551	0	0	0	0	
0.01125	0.00560921	0.994391	0	0	0	0	
0.0135	0.00672727	0.993273	0	0	0	0	
0.01575	0.00784407	0.992156	0	0	0	0	
0.018	0.00895962	0.99104	0	0	0	0	
0.02025	0.0100739	0.989926	0	0	0	0	
0.0225	0.011187	0.988813	0	0	0	0	
0.02475	0.0122987	0.987701	0	0	0	0	
0.027	0.0134093	0.986591	0	0	0	0	
0.02925	0.0145186	0.985481	0	0	0	0	
0.0315	0.0156266	0.984373	0	0	0	0	
0.03375	0.0167334	0.983267	0	0	0	0	
0.036	0.017839	0.982161	0	0	0	0	
0.03825	0.0189433	0.981057	0	0	0	0	
0.0405	0.0200463	0.979954	0	0	0	0	
0.04275	0.0211482	0.978852	0	0	0	0	
0.045	0.0222488	0.977751	0	0	0	0	
0.04725	0.0233481	0.976652	0	0	0	0	
0.0495	0.0244462	0.975554	0	0	0	0	
0.05175	0.0255431	0.974457	0	0	0	0	
0.054	0.0266388	0.973361	0	0	0	0	
0.05625	0.0277332	0.972267	0	0	0	0	
0.0585	0.0288264	0.971174	0	0	0	0	
0.06075	0.0299183	0.970082	0	0	0	0	
0.063	0.031009	0.968991	0	0	0	0	
0.06525	0.0320985	0.967901	0	0	0	0	
0.0675	0.0331868	0.966813	0	0	0	0	
0.06975	0.0342739	0.965726	0	0	0	0	
0.072	0.0353597	0.96464	0	0	0	0	
0.07425	0.0364443	0.963556	0	0	0	0	
0.0765	0.0375277	0.962472	0	0	0	0	
0.07875	0.0386099	0.96139	0	0	0	0	
0.081	0.0396908	0.960309	0	0	0	0	
0.08325	0.0407706	0.959229	0	0	0	0	
0.0855	0.0418491	0.958151	0	0	0	0	
0.08775	0.0429264	0.957074	0	0	0	0	
0.09	0.0440025	0.955997	0	0	0	0	
0.09225	0.0450774	0.954923	0	0	0	0	
0.0945	0.0461511	0.953849	0	0	0	0	
0.09675	0.0472236	0.952776	0	0	0	0	
0.099	0.0482948	0.951705	0	0	0	0	
0.10125	0.0493649	0.950635	0	0	0	0	
0.1035	0.0504338	0.949566	0	0	0	0	
0.10575	0.0515014	0.948499	0	0	0	0	
0.108	0.0525679	0.947432	0	0	0	0	
0.11025	0.0536332	0.946367	0	0	0	0	
0.1125	0.0546972	0.945303	0	0	0	0	
0.11475	0.0557601	0.94424	0	0	0	0	
0.117	0.0568218	0.943178	0	0	0	0	
0.11925	0.0578822	0.942118	0	0	0	0	
0.1215	0.0589415	0.941058	0	0	0	0	
0.12375	0.0599996	0.94	0	0	0	0	
0.126	0.0610565	0.938943	0	0	0	0	
0.12825	0.0621123	0.937888	0	0	0	0	
0.1305	0.0631668	0.936833	0	0	0	0	
0.13275	0.0642201	0.93578	0	0	0	0	
0.135	0.0652723	0.934728	0	0	0	0	
0.13725	0.0663233	0.933677	0	0	0	0	
0.1395	0.0673731	0.932627	0	0	0	0	
0.14175	0.0684217	0.931578	0	0	0	0	
0.144	0.0694691	0.930531	0	0	0	0	
0.14625	0.0705154	0.929485	0	0	0	0	
0.1485	0.0715605	0.92844	0	0	0	0	
0.15075	0.0726044	0.927396	0	0	0	0	
0.153	0.0736471	0.926353	0	0	0	0	
0.15525	0.0746887	0.925311	0	0	0	0	
0.1575	0.075729	0.924271	0	0	0	0	
0.15975	0.0767683	0.923232	0	0	0	0	
0.162	0.0778063	0.922194	0	0	0	0	
0.16425	0.0788432	0.921157	0	0	0	0	
0.1665	0.0798789	0.920121	0	0	0	0	
0.16875	0.0809135	0.919087	0	0	0	0	
0.171	0.0819469	0.918053	0	0	0	0	
0.17325	0.0829791	0.917021	0	0	0	0	
0.1755	0.0840102	0.91599	0	0	0	0	
0.17775	0.0850401	0.91496	0	0	0	0	
0.18	0.0860688	0.913931	0	0	0	0	
0.18225	0.0870964	0.912904	0	0	0	0	
0.1845	0.0881229	0.911877	0	0	0	0	
0.18675	0.0891481	0.910852	0	0	0	0	
0.189	0.0901723	0.909828	0	0	0	0	
0.19125	0.0911953	0.908805	0	0	0	0	
0.1935	0.0922171	0.907783	0	0	0	0	
0.19575	0.0932378	0.906762	0	0	0	0	
0.198	0.0942573	0.905743	0	0	0	0	
0.20025	0.0952757	0.904724	0	0	0	0	
0.2025	0.0962929	0.903707	0	0	0	0	
0.20475	0.097309	0.902691	0	0	0	0	
0.207	0.098324	0.901676	0	0	0	0	
0.20925	0.0993378	0.900662	0	0	0	0	
0.2115	0.10035	0.89965	0	0	0	0	
0.21375	0.101362	0.898638	0	0	0	0	
0.216	0.102372	0.897628	0	0	0	0	
0.21825	0.103382	0.896618	0	0	0	0	
0.2205	0.10439	0.89561	0	0	0	0	
0.22275	0.105397	0.894603	0	0	0	0	
0.225	0.106403	0.893597	0	0	0	0	
0.22725	0.107407	0.892593	0	0	0	0	
0.2295	0.108411	0.891589	0	0	0	0	
0.23175	0.109413	0.890587	0	0	0	0	
0.234	0.110415	0.889585	0	0	0	0	
0.23625	0.111415	0.888585	0	0	0	0	
0.2385	0.112414	0.887586	0	0	0	0	
0.24075	0.113412	0.886588	0	0	0	0	
0.243	0.114409	0.885591	4.94066e-324	0	0	0	
0.24525	0.115405	0.884595	2.37152e-322	0	0	0	
0.2475	0.116399	0.883601	1.04791e-320	0	0	0	
0.24975	0.117393	0.882607	4.44842e-319	0	0	0	
0.252	0.118385	0.881615	1.80833e-317	5.43472e-323	0	0	
0.25425	0.119376	0.880624	7.04715e-316	2.28258e-321	4.94066e-324	0	
0.2565	0.120367	0.879633	2.6349e-314	8.88824e-320	2.12448e-322	0	
0.25875	0.121356	0.878644	9.4598e-313	3.32376e-318	7.87541e-321	0	
0.261	0.122344	0.877656	3.26365e-311	1.19346e-316	2.83475e-319	0	
0.26325	0.12333	0.87667	1.08283e-309	4.1181e-315	9.80348e-318	0	
0.2655	0.124316	0.875684	3.4576e-308	1.36654e-313	3.26065e-316	0	
0.26775	0.125301	0.874699	1.0633e-306	4.36421e-312	1.04378e-314	0	
0.27	0.126284	0.873716	3.15147e-305	1.34233e-310	3.21811e-313	0	
0.27225	0.127266	0.872734	9.00815e-304	3.97915e-309	9.56288e-312	0	
0.2745	0.128248	0.871752	2.48494e-302	1.1376e-307	2.74073e-310	0	
0.27675	0.129228	0.870772	6.61961e-301	3.13871e-306	7.58093e-309	0	
0.279	0.130207	0.869793	1.70396e-299	8.36278e-305	2.02506e-307	0	
0.28125	0.131185	0.868815	4.24095e-298	2.1531e-303	5.22737e-306	0	
0.2835	0.132162	0.867838	1.02118e-296	5.35989e-302	1.30475e-304	0	
0.28575	0.133138	0.866862	2.3803e-295	1.29088e-300	3.15085e-303	0	
0.288	0.134112	0.865888	5.37396e-294	3.0096e-299	7.36609e-302	3.95253e-323	
0.29025	0.135086	0.864914	1.1758e-292	6.79625e-298	1.66802e-300	9.53547e-322	
0.2925	0.136058	0.863942	2.4945e-291	1.48733e-296	3.6607e-299	2.29988e-320	
0.29475	0.13703	0.86297	5.13418e-290	3.15617e-295	7.79032e-298	5.37336e-319	
0.297	0.138	0.862	1.0257e-288	6.49762e-294	1.60844e-296	1.21731e-317	
0.29925	0.138969	0.861031	1.98998e-287	1.29841e-292	3.22356e-295	2.67565e-316	
0.3015	0.139937	0.860063	3.75119e-286	2.51973e-291	6.27431e-294	5.70884e-315	
0.30375	0.140904	0.859096	6.87368e-285	4.75105e-290	1.18661e-292	1.18296e-313	
0.306	0.14187	0.85813	1.22493e-283	8.70818e-289	2.18155e-291	2.3818e-312	
0.30825	0.142835	0.857165	2.12388e-282	1.55228e-287	3.90071e-290	4.66184e-311	
0.3105	0.143799	0.856201	3.58461e-281	2.69225e-286	6.7864e-289	8.87411e-310	
0.31275	0.144762	0.855238	5.89162e-280	4.54523e-285	1.14933e-287	1.64362e-308	
0.315	0.145723	0.854277	9.43392e-279	7.47275e-284	1.89562e-286	2.96332e-307	
0.31725	0.146684	0.853316	1.47229e-277	1.19694e-282	3.04606e-285	5.20283e-306	
0.3195	0.147643	0.852357	2.24036e-276	1.86859e-281	4.77078e-284	8.89952e-305	
0.32175	0.148602	0.851398	3.32533e-275	2.84433e-280	7.28581e-283	1.48367e-303	
0.324	0.149559	0.850441	4.81628e-274	4.22321e-279	1.08537e-281	2.41171e-302	
0.32625	0.150515	0.849485	6.80949e-273	6.11885e-278	1.5778e-280	3.82382e-301	
0.3285	0.15147	0.84853	9.40164e-272	8.65417e-277	2.23909e-279	5.91592e-300	
0.33075	0.152424	0.847576	1.26805e-270	1.19528e-275	3.10307e-278	8.93429e-299	
0.333	0.153377	0.846623	1.67134e-269	1.61274e-274	4.20119e-277	1.31756e-297	
0.33525	0.154329	0.845671	2.15349e-268	2.12646e-273	5.5586e-276	1.89804e-296	
0.3375	0.15528	0.84472	2.7134e-267	2.74095e-272	7.18988e-275	2.6719e-295	
0.33975	0.15623	0.84377	3.34445e-266	3.45497e-271	9.0947e-274	3.67674e-294	
0.342	0.157178	0.842822	4.03381e-265	4.26021e-270	1.12541e-272	4.94739e-293	
0.34425	0.158126	0.841874	4.76238e-264	5.14045e-269	1.36278e-271	6.51185e-292	
0.3465	0.159073	0.840927	5.50536e-263	6.07145e-268	1.61538e-270	8.3866e-291	
0.34875	0.160018	0.839982	6.23352e-262	7.02169e-267	1.87495e-269	1.0572e-289	
0.351	0.160963	0.839037	6.91507e-261	7.95389e-266	2.13161e-268	1.30482e-288	
0.35325	0.161906	0.838094	7.51799e-260	8.82749e-265	2.37439e-267	1.57725e-287	
0.3555	0.162848	0.837152	8.01259e-259	9.60154e-264	2.59212e-266	1.8678e-286	
0.35775	0.16379	0.83621	8.374e-258	1.0238e-262	2.77419e-265	2.16755e-285	
0.36	0.16473	0.83527	8.58422e-257	1.07049e-261	2.91152e-264	2.46568e-284	
0.36225	0.165669	0.834331	8.63364e-256	1.09789e-260	2.99726e-263	2.75015e-283	
0.3645	0.166607	0.833393	8.52169e-255	1.10476e-259	3.02738e-262	3.00847e-282	
0.36675	0.167544	0.832456	8.25676e-254	1.09098e-258	3.00097e-261	3.22863e-281	
0.369	0.16848	0.83152	7.85518e-253	1.05761e-257	2.92025e-260	3.40008e-280	
0.37125	0.169415	0.830585	7.33959e-252	1.00669e-256	2.79031e-259	3.51455e-279	
0.3735	0.170349	0.829651	6.73697e-251	9.41117e-256	2.6186e-258	3.56672e-278	
0.37575	0.171282	0.828718	6.07626e-250	8.64311e-255	2.41419e-257	3.55462e-277	
0.378	0.172214	0.827787	5.3863e-249	7.79976e-254	2.18709e-256	3.47975e-276	
0.38025	0.173144	0.826856	4.69382e-248	6.91796e-253	1.9474e-255	3.34685e-275	
0.3825	0.174074	0.825926	4.022e-247	6.03199e-252	1.70465e-254	3.16343e-274	
0.38475	0.175003	0.824997	3.38948e-246	5.17163e-251	1.46726e-253	2.93909e-273	
0.387	0.17593	0.82407	2.80993e-245	4.36088e-250	1.24213e-252	2.68471e-272	
0.38925	0.176857	0.823143	2.29203e-244	3.61739e-249	1.03444e-251	2.41162e-271	
0.3915	0.177782	0.822218	1.83992e-243	2.95246e-248	8.47657e-251	2.13078e-270	
0.39375	0.178707	0.821293	1.45386e-242	2.37154e-247	6.83593e-250	1.85217e-269	
0.396	0.17963	0.82037	1.13103e-241	1.8751e-246	5.42661e-249	1.58425e-268	
0.39825	0.180553	0.819447	8.66452e-241	1.45966e-245	4.24131e-248	1.33369e-267	
0.4005	0.181474	0.818526	6.53756e-240	1.11893e-244	3.26436e-247	1.10526e-266	
0.40275	0.182394	0.817606	4.85927e-239	8.44807e-244	2.47461e-246	9.01856e-266	
0.405	0.183314	0.816686	3.5587e-238	6.28349e-243	1.84803e-245	7.24694e-265	
0.40725	0.184232	0.815768	2.56838e-237	4.60484e-242	1.35984e-244	5.73589e-264	
0.4095	0.185149	0.814851	1.82704e-236	3.32565e-241	9.86095e-244	4.47255e-263	
0.41175	0.186065	0.813935	1.28127e-235	2.36738e-240	7.04828e-243	3.43637e-262	
0.414	0.18698	0.81302	8.85953e-235	1.66136e-239	4.96659e-242	2.60202e-261	
0.41625	0.187895	0.812106	6.04131e-234	1.14959e-238	3.45079e-241	1.94207e-260	
0.4185	0.188808	0.811192	4.06328e-233	7.84471e-238	2.36449e-240	1.42901e-259	
0.42075	0.18972	0.81028	2.696e-232	5.28007e-237	1.59805e-239	1.03682e-258	
0.423	0.190631	0.809369	1.76494e-231	3.50593e-236	1.06549e-238	7.41879e-258	
0.42525	0.191541	0.808459	1.14019e-230	2.29688e-235	7.00943e-238	5.23603e-257	
0.4275	0.19245	0.80755	7.26992e-230	1.48496e-234	4.55052e-237	3.64567e-256	
0.42975	0.193358	0.806642	4.57567e-229	9.47547e-234	2.91576e-236	2.50456e-255	
0.432	0.194265	0.805735	2.84327e-228	5.96847e-233	1.84426e-235	1.69796e-254	
0.43425	0.195171	0.804829	1.74456e-227	3.71166e-232	1.1517e-234	1.13615e-253	
0.4365	0.196076	0.803924	1.05711e-226	2.27919e-231	7.10175e-234	7.50453e-253	
0.43875	0.196979	0.803021	6.32681e-226	1.38218e-230	4.3248e-233	4.89386e-252	
0.441	0.197882	0.802118	3.7406e-225	8.27909e-230	2.60138e-232	3.15127e-251	
0.44325	0.198784	0.801216	2.18499e-224	4.89888e-229	1.54575e-231	2.00395e-250	
0.4455	0.199685	0.800315	1.26116e-223	2.86396e-228	9.07476e-231	1.25869e-249	
0.44775	0.200585	0.799415	7.19389e-223	1.65445e-227	5.2644e-230	7.80981e-249	
0.45	0.201484	0.798516	4.05588e-222	9.44531e-227	3.01815e-229	4.78753e-248	
0.45225	0.202382	0.797618	2.26044e-221	5.3298e-226	1.71028e-228	2.89996e-247	
0.4545	0.203278	0.796722	1.2455e-220	2.97301e-225	9.58041e-228	1.73595e-246	
0.45675	0.204174	0.795826	6.7856e-220	1.63956e-224	5.30579e-227	1.02708e-245	
0.459	0.205069	0.794931	3.65583e-219	8.94042e-224	2.90548e-226	6.00693e-245	
0.46125	0.205963	0.794037	1.948e-218	4.82108e-223	1.57341e-225	3.47322e-244	
0.4635	0.206856	0.793144	1.02671e-217	2.57122e-222	8.42708e-225	1.98564e-243	
0.46575	0.207747	0.792253	5.35322e-217	1.35642e-221	4.46451e-224	1.12256e-242	
0.468	0.208638	0.791362	2.76149e-216	7.07887e-221	2.33983e-223	6.27643e-242	
0.47025	0.209528	0.790472	1.40955e-215	3.65507e-220	1.21328e-222	3.47105e-241	
0.4725	0.210417	0.789583	7.11996e-215	1.86742e-219	6.22517e-222	1.89891e-240	
0.47475	0.211305	0.788695	3.55945e-214	9.44172e-219	3.16086e-221	1.02776e-239	
0.477	0.212191	0.787809	1.76134e-213	4.72467e-218	1.58844e-220	5.50399e-239	
0.47925	0.213077	0.786923	8.62792e-213	2.34019e-217	7.9013e-220	2.91679e-238	
0.4815	0.213962	0.786038	4.18426e-212	1.14746e-216	3.89075e-219	1.52977e-237	
0.48375	0.214846	0.785154	2.00921e-211	5.57028e-216	1.8968e-218	7.94117e-237	
0.486	0.215729	0.784272	9.55374e-211	2.67741e-215	9.15603e-218	4.08064e-236	
0.48825	0.21661	0.78339	4.49889e-210	1.27437e-214	4.37661e-217	2.07588e-235	
0.4905	0.217491	0.782509	2.09829e-209	6.00713e-214	2.07184e-216	1.04557e-234	
0.49275	0.218371	0.781629	9.69384e-209	2.80458e-213	9.71422e-216	5.21464e-234	
0.495	0.21925	0.78075	4.4365e-208	1.29701e-212	4.51163e-215	2.57549e-233	
0.49725	0.220128	0.779872	2.01159e-207	5.94207e-212	2.07576e-214	1.2598e-232	
0.4995	0.221005	0.778996	9.03725e-207	2.69705e-211	9.46191e-214	6.10369e-232	
0.50175	0.22188	0.77812	4.02318e-206	1.21295e-210	4.27347e-213	2.92938e-231	
0.504	0.222755	0.777245	1.77493e-205	5.40549e-210	1.9126e-212	1.39281e-230	
0.50625	0.223629	0.776371	7.76083e-205	2.38731e-209	8.48293e-212	6.56114e-230	
0.5085	0.224502	0.775498	3.3635e-204	1.04497e-208	3.72897e-211	3.06254e-229	
0.51075	0.225374	0.774626	1.445e-203	4.53372e-208	1.62476e-210	1.41656e-228	
0.513	0.226245	0.773755	6.15426e-203	1.94987e-207	7.01759e-210	6.49356e-228	
0.51525	0.227115	0.772885	2.59868e-202	8.31362e-207	3.00483e-209	2.95026e-227	
0.5175	0.227984	0.772016	1.08802e-201	3.51437e-206	1.27563e-208	1.32863e-226	
0.51975	0.228852	0.771148	4.5171e-201	1.47304e-205	5.36953e-208	5.93137e-226	
0.522	0.229719	0.770281	1.85978e-200	6.12244e-205	2.24127e-207	2.62511e-225	
0.52425	0.230585	0.769415	7.5941e-200	2.52358e-204	9.27748e-207	1.15191e-224	
0.5265	0.23145	0.76855	3.07566e-199	1.03163e-203	3.80875e-206	5.01192e-224	
0.52875	0.232314	0.767686	1.23561e-198	4.18295e-203	1.5509e-205	2.16242e-223	
0.531	0.233178	0.766822	4.92426e-198	1.68239e-202	6.26425e-205	9.2525e-223	
0.53325	0.23404	0.76596	1.94692e-197	6.71257e-202	2.50999e-204	3.92643e-222	
0.5355	0.234901	0.765099	7.63727e-197	2.65707e-201	9.97762e-204	1.65268e-221	
0.53775	0.235761	0.764239	2.97263e-196	1.04352e-200	3.93518e-203	6.90026e-221	
0.54	0.236621	0.763379	1.14813e-195	4.06647e-200	1.53999e-202	2.858e-220	
0.54225	0.237479	0.762521	4.40066e-195	1.57247e-199	5.98026e-202	1.17438e-219	
0.5445	0.238336	0.761664	1.67399e-194	6.03431e-199	2.30463e-201	4.78786e-219	
0.54675	0.239193	0.760807	6.32015e-194	2.29819e-198	8.81439e-201	1.93682e-218	
0.549	0.240048	0.759952	2.36849e-193	8.6873e-198	3.34599e-200	7.77468e-218	
0.55125	0.240902	0.759098	8.81081e-193	3.25955e-197	1.26075e-199	3.09709e-217	
0.5535	0.241756	0.758244	3.25379e-192	1.21404e-196	4.71556e-199	1.22443e-216	
0.55575	0.242609	0.757391	1.19294e-191	4.48889e-196	1.75093e-198	4.80453e-216	
0.558	0.24346	0.75654	4.34248e-191	1.64781e-195	6.45451e-198	1.87127e-215	
0.56025	0.244311	0.755689	1.56954e-190	6.00573e-195	2.36236e-197	7.23466e-215	
0.5625	0.24516	0.75484	5.63311e-190	2.17341e-194	8.58512e-197	2.77668e-214	
0.56475	0.246009	0.753991	2.00769e-189	7.81023e-194	3.09807e-196	1.05801e-213	
0.567	0.246857	0.753143	7.10627e-189	2.78715e-193	1.11022e-195	4.00252e-213	
0.56925	0.247704	0.752296	2.49811e-188	9.87773e-193	3.95115e-195	1.50345e-212	
0.5715	0.24855	0.75145	8.72238e-188	3.47682e-192	1.39658e-194	5.60766e-212	
0.57375	0.249394	0.750606	3.02507e-187	1.21552e-191	4.90298e-194	2.07702e-211	
0.576	0.250238	0.749762	1.04217e-186	4.22107e-191	1.70975e-193	7.63994e-211	
0.57825	0.251081	0.748919	3.56676e-186	1.45609e-190	5.92259e-193	2.79099e-210	
0.5805	0.251924	0.748077	1.21273e-185	4.98986e-190	2.03808e-192	1.01267e-209	
0.58275	0.252765	0.747235	4.09667e-185	1.69881e-189	6.96763e-192	3.64965e-209	
0.585	0.253605	0.746395	1.375e-184	5.74625e-189	2.36663e-191	1.30656e-208	
0.58725	0.254444	0.745556	4.5857e-184	1.93121e-188	7.98693e-191	4.64651e-208	
0.5895	0.255282	0.744718	1.51971e-183	6.44923e-188	2.6783e-190	1.64161e-207	
0.59175	0.25612	0.74388	5.00484e-183	2.14013e-187	8.92465e-190	5.76213e-207	
0.594	0.256956	0.743044	1.63803e-182	7.05753e-187	2.95529e-189	2.00951e-206	
0.59625	0.257791	0.742209	5.32813e-182	2.31295e-186	9.72547e-189	6.96331e-206	
0.5985	0.258626	0.741374	1.72256e-181	7.53367e-186	3.18086e-188	2.39763e-205	
0.60075	0.25946	0.74054	5.53532e-181	2.43891e-185	1.03401e-187	8.20379e-205	
0.603	0.260292	0.739708	1.76808e-180	7.84792e-185	3.34097e-187	2.78955e-204	
0.60525	0.261124	0.738876	5.61403e-180	2.5102e-184	1.07303e-186	9.42682e-204	
0.6075	0.261955	0.738045	1.77207e-179	7.98134e-184	3.42583e-186	3.16613e-203	
0.60975	0.262785	0.737216	5.56089e-179	2.52279e-183	1.08731e-185	1.05694e-202	
0.612	0.263613	0.736387	1.73494e-178	7.92767e-183	3.43082e-185	3.50709e-202	
0.61425	0.264441	0.735559	5.38177e-178	2.47679e-182	1.07627e-184	1.15676e-201	
0.6165	0.265268	0.734732	1.65991e-177	7.69369e-182	3.35692e-184	3.79281e-201	
0.61875	0.266095	0.733906	5.09076e-177	2.3763e-181	1.04107e-183	1.23629e-200	
0.621	0.26692	0.73308	1.55254e-176	7.29812e-181	3.21042e-183	4.00629e-200	
0.62325	0.267744	0.732256	4.70848e-176	2.22886e-180	9.84468e-183	1.29077e-199	
0.6255	0.268567	0.731433	1.4201e-175	6.76918e-180	3.00208e-182	4.13484e-199	
0.62775	0.26939	0.73061	4.2597e-175	2.04453e-179	9.10421e-182	1.31702e-198	
0.63	0.270211	0.729789	1.2708e-174	6.14145e-179	2.74589e-181	4.17131e-198	
0.63225	0.271032	0.728968	3.7708e-174	1.83481e-178	8.23685e-181	1.31376e-197	
0.6345	0.271851	0.728149	1.11293e-173	5.45218e-178	2.45752e-180	4.11475e-197	
0.63675	0.27267	0.72733	3.26735e-173	1.6115e-177	7.29308e-180	1.28166e-196	
0.639	0.273488	0.726512	9.54198e-173	4.7379e-177	2.15288e-179	3.97033e-196	
0.64125	0.274305	0.725695	2.77214e-172	1.38567e-176	6.32183e-179	1.22326e-195	
0.6435	0.275121	0.724879	8.012e-172	4.03151e-176	1.84671e-178	3.74864e-195	
0.64575	0.275936	0.724064	2.30375e-171	1.16689e-175	5.36665e-178	1.14263e-194	
0.648	0.27675	0.72325	6.59048e-171	3.36016e-175	1.55159e-177	3.46444e-194	
0.65025	0.277563	0.722437	1.87586e-170	9.62673e-175	4.46309e-177	1.0449e-193	
0.6525	0.278375	0.721625	5.3126e-170	2.74413e-174	1.27731e-176	3.1351e-193	
0.65475	0.279187	0.720813	1.4971e-169	7.78309e-174	3.6373e-176	9.35787e-193	
0.657	0.279997	0.720003	4.19806e-169	2.19654e-173	1.03062e-175	2.77888e-192	
0.65925	0.280807	0.719193	1.17144e-168	6.16857e-173	2.90585e-175	8.21009e-192	
0.6615	0.281615	0.718385	3.25295e-168	1.72386e-172	8.15301e-175	2.41339e-191	
0.66375	0.282423	0.717577	8.98958e-168	4.79414e-172	2.27641e-174	7.05873e-191	
0.666	0.28323	0.71677	2.47242e-167	1.32686e-171	6.32537e-174	2.05429e-190	
0.66825	0.284036	0.715964	6.76771e-167	3.65478e-171	1.74921e-173	5.94904e-190	
0.6705	0.284841	0.715159	1.8438e-166	1.00193e-170	4.8143e-173	1.71436e-189	
0.67275	0.285645	0.714355	4.99981e-166	2.73379e-170	1.31879e-172	4.91633e-189	
0.675	0.286448	0.713552	1.34951e-165	7.42446e-170	3.59573e-172	1.40308e-188	
0.67725	0.28725	0.71275	3.62575e-165	2.00701e-169	9.75843e-172	3.98509e-188	
0.6795	0.288052	0.711948	9.69693e-165	5.4005e-169	2.63615e-171	1.12649e-187	
0.68175	0.288852	0.711148	2.58166e-164	1.44655e-168	7.08882e-171	3.16929e-187	
0.684	0.289652	0.710348	6.84238e-164	3.85714e-168	1.8976e-170	8.87485e-187	
0.68625	0.290451	0.70955	1.8054e-163	1.02386e-167	5.05685e-170	2.47365e-186	
0.6885	0.291248	0.708752	4.74256e-163	2.70569e-167	1.34157e-169	6.86291e-186	
0.69075	0.292045	0.707955	1.24034e-162	7.1185e-167	3.54336e-169	1.89534e-185	
0.693	0.292841	0.707159	3.22974e-162	1.86461e-166	9.31762e-169	5.21059e-185	
0.69525	0.293636	0.706364	8.37356e-162	4.86285e-166	2.43947e-168	1.42602e-184	
0.6975	0.294431	0.70557	2.16164e-161	1.26273e-165	6.35915e-168	3.88521e-184	
0.69975	0.295224	0.704776	5.55646e-161	3.26483e-165	1.65056e-167	1.05383e-183	
0.702	0.296016	0.703984	1.42223e-160	8.40534e-165	4.26585e-167	2.8458e-183	
0.70425	0.296808	0.703192	3.62504e-160	2.15481e-164	1.09783e-166	7.65126e-183	
0.7065	0.297598	0.702402	9.20106e-160	5.5009e-164	2.81342e-166	2.04819e-182	
0.70875	0.298388	0.701612	2.32573e-159	1.39844e-163	7.17985e-166	5.45917e-182	
0.711	0.299177	0.700823	5.85453e-159	3.54039e-163	1.8247e-165	1.44884e-181	
0.71325	0.299965	0.700035	1.46773e-158	8.92627e-163	4.61824e-165	3.82877e-181	
0.7155	0.300752	0.699248	3.66468e-158	2.24137e-162	1.16408e-164	1.00754e-180	
0.71775	0.301538	0.698462	9.11325e-158	5.60522e-162	2.92229e-164	2.64021e-180	
0.72	0.302324	0.697676	2.25721e-157	1.39612e-161	7.30651e-164	6.88972e-180	
0.72225	0.303108	0.696892	5.56856e-157	3.46348e-161	1.81952e-163	1.79046e-179	
0.7245	0.303892	0.696108	1.36836e-156	8.55813e-161	4.5131e-163	4.63386e-179	
0.72675	0.304674	0.695326	3.34929e-156	2.10635e-160	1.115e-162	1.19439e-178	
0.729	0.305456	0.694544	8.16613e-156	5.16395e-160	2.74394e-162	3.0661e-178	
0.73125	0.306237	0.693763	1.98336e-155	1.26108e-159	6.72637e-162	7.83931e-178	
0.7335	0.307017	0.692983	4.79864e-155	3.06781e-159	1.64251e-161	1.99633e-177	
0.73575	0.307796	0.692204	1.15659e-154	7.43442e-159	3.99544e-161	5.06361e-177	
0.738	0.308575	0.691425	2.77715e-154	1.79478e-158	9.68201e-161	1.27931e-176	
0.74025	0.309352	0.690648	6.64333e-154	4.31653e-158	2.33734e-160	3.21951e-176	
0.7425	0.310129	0.689871	1.58326e-153	1.03425e-157	5.6214e-160	8.07074e-176	
0.74475	0.310904	0.689096	3.75931e-153	2.46887e-157	1.34693e-159	2.01539e-175	
0.747	0.311679	0.688321	8.89334e-153	5.87167e-157	3.21539e-159	5.01347e-175	
0.74925	0.312453	0.687547	2.09621e-152	1.39132e-156	7.64755e-159	1.2424e-174	
0.7515	0.313226	0.686774	4.92298e-152	3.28479e-156	1.81227e-158	3.06721e-174	
0.75375	0.313998	0.686002	1.15201e-151	7.72702e-156	4.27902e-158	7.54382e-174	
0.756	0.31477	0.685231	2.68613e-151	1.81114e-155	1.0067e-157	1.84849e-173	
0.75825	0.31554	0.68446	6.24101e-151	4.22998e-155	2.35991e-157	4.51266e-173	
0.7605	0.31631	0.68369	1.44493e-150	9.84419e-155	5.51249e-157	1.09761e-172	
0.76275	0.317078	0.682922	3.33363e-150	2.28291e-154	1.28311e-156	2.65996e-172	
0.765	0.317846	0.682154	7.66432e-150	5.27565e-154	2.97615e-156	6.42278e-172	
0.76725	0.318613	0.681387	1.75601e-149	1.21493e-153	6.87907e-156	1.54527e-171	
0.7695	0.319379	0.680621	4.00946e-149	2.78819e-153	1.58453e-155	3.70447e-171	
0.77175	0.320145	0.679856	9.12352e-149	6.3768e-153	3.63728e-155	8.84916e-171	
0.774	0.320909	0.679091	2.06902e-148	1.45345e-152	8.32084e-155	2.1064e-170	
0.77625	0.321672	0.678328	4.67633e-148	3.30161e-152	1.89707e-154	4.99636e-170	
0.7785	0.322435	0.677565	1.05339e-147	7.47462e-152	4.31056e-154	1.181e-169	
0.78075	0.323197	0.676803	2.365e-147	1.68655e-151	9.76179e-154	2.78188e-169	
0.783	0.323958	0.676042	5.29223e-147	3.79286e-151	2.20333e-153	6.53028e-169	
0.78525	0.324718	0.675282	1.18038e-146	8.50159e-151	4.9567e-153	1.5277e-168	
0.7875	0.325477	0.674523	2.62413e-146	1.89937e-150	1.11142e-152	3.56177e-168	
0.78975	0.326236	0.673764	5.81493e-146	4.22964e-150	2.48398e-152	8.27613e-168	
0.792	0.326993	0.673007	1.28442e-145	9.38841e-150	5.5336e-152	1.91659e-167	
0.79425	0.32775	0.67225	2.828e-145	2.07723e-149	1.22877e-151	4.42369e-167	
0.7965	0.328506	0.671494	6.20688e-145	4.5813e-149	2.71982e-151	1.01765e-166	
0.79875	0.329261	0.670739	1.35799e-144	1.0072e-148	6.00109e-151	2.33337e-166	
0.801	0.330015	0.669985	2.96182e-144	2.20735e-148	1.31992e-150	5.33272e-166	
0.80325	0.330768	0.669232	6.43973e-144	4.82245e-148	2.89403e-150	1.21479e-165	
0.8055	0.331521	0.668479	1.39583e-143	1.0503e-147	6.32562e-150	2.75835e-165	
0.80775	0.332272	0.667728	3.01621e-143	2.28041e-147	1.37834e-149	6.24318e-165	
0.81	0.333023	0.666977	6.49776e-143	4.93605e-147	2.99415e-149	1.40856e-164	
0.81225	0.333773	0.666227	1.39556e-142	1.06517e-146	6.48428e-149	3.16789e-164	
0.8145	0.334522	0.665478	2.98828e-142	2.29161e-146	1.40001e-148	7.10228e-164	
0.81675	0.33527	0.66473	6.37959e-142	4.91535e-146	3.0136e-148	1.58732e-163	
0.819	0.336018	0.663982	1.35791e-141	1.05115e-145	6.46752e-148	3.53658e-163	
0.82125	0.336764	0.663236	2.8818e-141	2.24123e-145	1.38387e-147	7.85522e-163	
0.8235	0.33751	0.66249	6.09787e-141	4.76453e-145	2.95232e-147	1.7394e-162	
0.82575	0.338255	0.661745	1.28654e-140	1.0099e-144	6.27992e-147	3.83988e-162	
0.828	0.338999	0.661001	2.7065e-140	2.13436e-144	1.3319e-146	8.45117e-162	
0.83025	0.339742	0.660258	5.67726e-140	4.49775e-144	2.81662e-146	1.85442e-161	
0.8325	0.340485	0.659515	1.18747e-139	9.45085e-144	5.93921e-146	4.05693e-161	
0.83475	0.341226	0.658774	2.47668e-139	1.98016e-143	1.24877e-145	8.84903e-161	
0.837	0.341967	0.658033	5.15094e-139	4.13708e-143	2.61815e-145	1.92446e-160	
0.83925	0.342707	0.657293	1.06827e-138	8.61902e-143	5.47361e-145	4.17296e-160	
0.8415	0.343446	0.656554	2.20932e-138	1.7906e-142	1.14112e-144	9.02216e-160	
0.84375	0.344184	0.655816	4.55646e-138	3.70959e-142	2.37229e-144	1.94498e-159	
0.846	0.344921	0.655079	9.37125e-138	7.66382e-142	4.91809e-144	4.18088e-159	
0.84825	0.345658	0.654342	1.92209e-137	1.57894e-141	1.01677e-143	8.96134e-159	
0.8505	0.346394	0.653606	3.93156e-137	3.24408e-141	2.0963e-143	1.91531e-158	
0.85275	0.347129	0.652871	8.02005e-137	6.64713e-141	4.31021e-143	4.08203e-158	
0.855	0.347863	0.652137	1.63161e-136	1.35831e-140	8.83814e-143	8.67538e-158	
0.85725	0.348596	0.651404	3.3105e-136	2.76816e-140	1.80739e-142	1.83859e-157	
0.8595	0.349328	0.650672	6.69904e-136	5.62627e-140	3.68616e-142	3.88572e-157	
0.86175	0.35006	0.64994	1.35201e-135	1.14049e-139	7.49788e-142	8.1895e-157	
0.864	0.350791	0.649209	2.72148e-135	2.30577e-139	1.52107e-141	1.72127e-156	
0.86625	0.351521	0.648479	5.46379e-135	4.64938e-139	3.07763e-141	3.60788e-156	
0.8685	0.35225	0.64775	1.09409e-134	9.35059e-139	6.21075e-141	7.5418e-156	
0.87075	0.352978	0.647022	2.18518e-134	1.87566e-138	1.25009e-140	1.57226e-155	
0.873	0.353706	0.646294	4.35317e-134	3.75271e-138	2.50964e-140	3.26895e-155	
0.87525	0.354432	0.645568	8.64997e-134	7.48896e-138	5.02531e-140	6.77847e-155	
0.8775	0.355158	0.644842	1.71443e-133	1.49069e-137	1.0037e-139	1.40185e-154	
0.87975	0.355883	0.644117	3.38944e-133	2.95973e-137	1.99958e-139	2.89153e-154	
0.882	0.356607	0.643393	6.68416e-133	5.86164e-137	3.97352e-139	5.94857e-154	
0.88425	0.357331	0.642669	1.31486e-132	1.15797e-136	7.87626e-139	1.22058e-153	
0.8865	0.358053	0.641947	2.58011e-132	2.28187e-136	1.55732e-138	2.498e-153	
0.88875	0.358775	0.641225	5.05037e-132	4.48547e-136	3.07155e-138	5.09917e-153	
0.891	0.359496	0.640504	9.86151e-132	8.79537e-136	6.04314e-138	1.03823e-152	
0.89325	0.360216	0.639784	1.9209e-131	1.72043e-135	1.18605e-137	2.10854e-152	
0.8955	0.360936	0.639064	3.73262e-131	3.35706e-135	2.32209e-137	4.27138e-152	
0.89775	0.361654	0.638346	7.23562e-131	6.53477e-135	4.53526e-137	8.63102e-152	
0.9	0.362372	0.637628	1.39926e-130	1.26898e-134	8.83643e-137	1.73967e-151	
0.90225	0.363089	0.636911	2.6995e-130	2.45833e-134	1.71755e-136	3.49778e-151	
0.9045	0.363805	0.636195	5.19568e-130	4.75106e-134	3.33046e-136	7.01522e-151	
0.90675	0.36452	0.63548	9.97649e-130	9.16037e-134	6.44271e-136	1.40353e-150	
0.909	0.365235	0.634765	1.91116e-129	1.76203e-133	1.24339e-135	2.80116e-150	
0.91125	0.365948	0.634052	3.65261e-129	3.3814e-133	2.39403e-135	5.57697e-150	
0.9135	0.366661	0.633339	6.96475e-129	6.47395e-133	4.59873e-135	1.10766e-149	
0.91575	0.367373	0.632627	1.32497e-128	1.23662e-132	8.81329e-135	2.19468e-149	
0.918	0.368085	0.631915	2.51487e-128	2.35671e-132	1.68514e-134	4.33806e-149	
0.92025	0.368795	0.631205	4.76251e-128	4.48105e-132	3.2147e-134	8.55435e-149	
0.9225	0.369505	0.630495	8.99856e-128	8.50094e-132	6.11861e-134	1.68287e-148	
0.92475	0.370214	0.629786	1.69642e-127	1.60906e-131	1.16193e-133	3.30288e-148	
0.927	0.370922	0.629078	3.19095e-127	3.03878e-131	2.20155e-133	6.46723e-148	
0.92925	0.371629	0.628371	5.98883e-127	5.72605e-131	4.16201e-133	1.26338e-147	
0.9315	0.372336	0.627664	1.12151e-126	1.07658e-130	7.85073e-133	2.46232e-147	
0.93375	0.373042	0.626958	2.0956e-126	2.01964e-130	1.47759e-132	4.78801e-147	
0.936	0.373747	0.626254	3.90717e-126	3.78049e-130	2.77485e-132	9.28907e-147	
0.93825	0.374451	0.625549	7.26896e-126	7.0611e-130	5.19963e-132	1.79805e-146	
0.9405	0.375154	0.624846	1.3494e-125	1.31599e-129	9.72207e-132	3.47254e-146	
0.94275	0.375857	0.624143	2.49964e-125	2.44732e-129	1.81386e-131	6.69139e-146	
0.945	0.376558	0.623442	4.62043e-125	4.54148e-129	3.37685e-131	1.28651e-145	
0.94725	0.377259	0.622741	8.52244e-125	8.40956e-129	6.27318e-131	2.46798e-145	
0.9495	0.377959	0.622041	1.56865e-124	1.55391e-128	1.16289e-130	4.72401e-145	
0.95175	0.378659	0.621341	2.8812e-124	2.86523e-128	2.15113e-130	9.0224e-145	
0.954	0.379358	0.620643	5.28095e-124	5.27203e-128	3.97081e-130	1.71942e-144	
0.95625	0.380055	0.619945	9.65931e-124	9.68029e-128	7.31443e-130	3.26962e-144	
0.9585	0.380752	0.619248	1.76312e-123	1.77376e-127	1.34454e-129	6.204e-144	
0.96075	0.381449	0.618551	3.2116e-123	3.24341e-127	2.46643e-129	1.17465e-143	
0.963	0.382144	0.617856	5.8381e-123	5.91853e-127	4.51508e-129	2.2193e-143	
0.96525	0.382839	0.617161	1.0591e-122	1.0778e-126	8.24842e-129	4.18407e-143	
0.9675	0.383533	0.616467	1.91744e-122	1.95874e-126	1.5038e-128	7.87153e-143	
0.96975	0.384226	0.615774	3.46444e-122	3.5525e-126	2.73606e-128	1.47776e-142	
0.972	0.384918	0.615082	6.247e-122	6.4301e-126	4.96803e-128	2.76846e-142	
0.97425	0.38561	0.61439	1.1242e-121	1.16153e-125	9.00265e-128	5.17566e-142	
0.9765	0.386301	0.613699	2.0191e-121	2.09401e-125	1.62813e-127	9.65589e-142	
0.97875	0.386991	0.613009	3.61919e-121	3.76759e-125	2.93862e-127	1.79772e-141	
0.981	0.38768	0.61232	6.47462e-121	6.7654e-125	5.29345e-127	3.3401e-141	
0.98325	0.388368	0.611632	1.15603e-120	1.21247e-124	9.51656e-127	6.19314e-141	
0.9855	0.389056	0.610944	2.06006e-120	2.1687e-124	1.70754e-126	1.14599e-140	
0.98775	0.389743	0.610257	3.66398e-120	3.87156e-124	3.05786e-126	2.11626e-140	
0.99	0.390429	0.609571	6.50417e-120	6.89818e-124	5.46542e-126	3.9002e-140	
0.99225	0.391115	0.608886	1.15239e-119	1.22673e-123	9.74973e-126	7.17357e-140	
0.9945	0.391799	0.608201	2.0379e-119	2.17737e-123	1.73592e-125	1.3168e-139	
0.99675	0.392483	0.607517	3.59703e-119	3.85736e-123	3.08489e-125	2.41237e-139	
0.999	0.393166	0.606834	6.33707e-119	6.82067e-123	5.47174e-125	4.41077e-139	
1.00125	0.393848	0.606152	1.11434e-118	1.20378e-122	9.68706e-125	8.04883e-139	
1.0035	0.39453	0.60547	1.95588e-118	2.12058e-122	1.71177e-124	1.4659e-138	
1.00575	0.395211	0.604789	3.42658e-118	3.72866e-122	3.01916e-124	2.66462e-138	
1.008	0.395891	0.604109	5.9921e-118	6.54407e-122	5.31522e-124	4.83425e-138	
1.01025	0.39657	0.60343	1.04593e-117	1.14642e-121	9.34016e-124	8.75363e-138	
1.0125	0.397248	0.602752	1.82235e-117	2.00466e-121	1.63828e-123	1.58204e-137	
1.01475	0.397926	0.602074	3.16937e-117	3.49903e-121	2.86834e-123	2.8538e-137	
1.017	0.398603	0.601397	5.50214e-117	6.09631e-121	5.01281e-123	5.13818e-137	
1.01925	0.399279	0.600721	9.53477e-117	1.06024e-120	8.74473e-123	9.23374e-137	
1.0215	0.399955	0.600045	1.64935e-116	1.84059e-120	1.52275e-122	1.65628e-136	
1.02375	0.400629	0.599371	2.84803e-116	3.18961e-120	2.64688e-122	2.96539e-136	
1.026	0.401303	0.598697	4.90915e-116	5.51754e-120	4.59269e-122	5.29939e-136	
1.02825	0.401976	0.598024	8.44706e-116	9.52764e-120	7.95478e-122	9.453e-136	
1.0305	0.402649	0.597351	1.45092e-115	1.64233e-119	1.37538e-121	1.68313e-135	
1.03275	0.40332	0.59668	2.48786e-115	2.82603e-119	2.37387e-121	2.99139e-135	
1.035	0.403991	0.596009	4.25849e-115	4.85442e-119	4.09009e-121	5.30691e-135	
1.03725	0.404661	0.595339	7.27674e-115	8.32423e-119	7.03482e-121	9.39778e-135	
1.0395	0.405331	0.594669	1.24129e-114	1.42496e-118	1.20788e-120	1.66123e-134	
1.04175	0.405999	0.594001	2.11382e-114	2.4351e-118	2.07036e-120	2.93128e-134	
1.044	0.406667	0.593333	3.59356e-114	4.15421e-118	3.54263e-120	5.16312e-134	
1.04625	0.407334	0.592666	6.09885e-114	7.07496e-118	6.05153e-120	9.07817e-134	
1.0485	0.408001	0.591999	1.03333e-113	1.20289e-117	1.03198e-119	1.59338e-133	
1.05075	0.408666	0.591334	1.74786e-113	2.04172e-117	1.75688e-119	2.79178e-133	
1.053	0.409331	0.590669	2.95156e-113	3.45972e-117	2.98597e-119	4.88298e-133	
1.05525	0.409995	0.590005	4.97595e-113	5.85278e-117	5.06646e-119	8.5258e-133	
1.0575	0.410659	0.589341	8.37499e-113	9.88472e-117	8.58227e-119	1.48606e-132	
1.05975	0.411321	0.588679	1.40728e-112	1.66668e-116	1.45138e-118	2.58577e-132	
1.062	0.411983	0.588017	2.36085e-112	2.8056e-116	2.45046e-118	4.49161e-132	
1.06425	0.412645	0.587356	3.95412e-112	4.7151e-116	4.13049e-118	7.78888e-132	
1.0665	0.413305	0.586695	6.61197e-112	7.91136e-116	6.95103e-118	1.34838e-131	
1.06875	0.413965	0.586035	1.10386e-111	1.32529e-115	1.16787e-117	2.33034e-131	
1.071	0.414624	0.585377	1.83992e-111	2.21651e-115	1.95901e-117	4.02066e-131	
1.07325	0.415282	0.584718	3.06193e-111	3.70114e-115	3.28082e-117	6.92551e-131	
1.0755	0.415939	0.584061	5.08748e-111	6.17033e-115	5.48575e-117	1.19093e-130	
1.07775	0.416596	0.583404	8.43967e-111	1.02706e-114	9.15796e-117	2.04456e-130	
1.08	0.417252	0.582748	1.39787e-110	1.70685e-114	1.52642e-116	3.5043e-130	
1.08225	0.417907	0.582093	2.31169e-110	2.83213e-114	2.5402e-116	5.99641e-130	
1.0845	0.418562	0.581439	3.81696e-110	4.69196e-114	4.22065e-116	1.02441e-129	
1.08675	0.419215	0.580785	6.29264e-110	7.76104e-114	7.00189e-116	1.74725e-129	
1.089	0.419868	0.580132	1.03581e-109	1.28178e-113	1.15978e-115	2.97532e-129	
1.09125	0.420521	0.579479	1.70241e-109	2.11368e-113	1.91809e-115	5.05843e-129	
1.0935	0.421172	0.578828	2.79372e-109	3.48016e-113	3.16732e-115	8.58625e-129	
1.09575	0.421823	0.578177	4.57767e-109	5.72134e-113	5.22218e-115	1.45513e-128	
1.098	0.422473	0.577527	7.48945e-109	9.39154e-113	8.59709e-115	2.46213e-128	
1.10025	0.423122	0.576878	1.2235e-108	1.53929e-112	1.41316e-114	4.15947e-128	
1.1025	0.423771	0.576229	1.99575e-108	2.51913e-112	2.31942e-114	7.0159e-128	
1.10475	0.424419	0.575581	3.2506e-108	4.11653e-112	3.80115e-114	1.18155e-127	
1.107	0.425066	0.574934	5.2866e-108	6.71685e-112	6.22017e-114	1.98676e-127	
1.10925	0.425712	0.574288	8.58519e-108	1.09435e-111	1.01635e-113	3.33555e-127	
1.1115	0.426358	0.573642	1.39215e-107	1.78036e-111	1.65822e-113	5.59142e-127	
1.11375	0.427003	0.572997	2.25417e-107	2.89215e-111	2.70149e-113	9.35863e-127	
1.116	0.427647	0.572353	3.64466e-107	4.69136e-111	4.39468e-113	1.56401e-126	
1.11825	0.428291	0.571709	5.88435e-107	7.59882e-111	7.13868e-113	2.60981e-126	
1.1205	0.428934	0.571066	9.4867e-107	1.22904e-110	1.15792e-112	4.34833e-126	
1.12275	0.429576	0.570424	1.52724e-106	1.98499e-110	1.87547e-112	7.23409e-126	
1.125	0.430217	0.569783	2.45518e-106	3.20132e-110	3.03333e-112	1.2017e-125	
1.12725	0.430858	0.569142	3.9413e-106	5.15561e-110	4.89899e-112	1.99324e-125	
1.1295	0.431498	0.568502	6.31805e-106	8.29113e-110	7.90086e-112	3.30127e-125	
1.13175	0.432137	0.567863	1.01138e-105	1.33148e-109	1.27241e-111	5.45961e-125	
1.134	0.432775	0.567225	1.61674e-105	2.13522e-109	2.04629e-111	9.01581e-125	
1.13625	0.433413	0.566587	2.58083e-105	3.41935e-109	3.28621e-111	1.48666e-124	
1.1385	0.43405	0.56595	4.1141e-105	5.46813e-109	5.27008e-111	2.44788e-124	
1.14075	0.434687	0.565313	6.54924e-105	8.73235e-109	8.43986e-111	4.02473e-124	
1.143	0.435322	0.564678	1.04114e-104	1.39259e-108	1.34974e-110	6.60782e-124	
1.14525	0.435957	0.564043	1.65286e-104	2.21778e-108	2.1556e-110	1.08332e-123	
1.1475	0.436591	0.563409	2.62041e-104	3.52712e-108	3.43786e-110	1.77351e-123	
1.14975	0.437225	0.562775	4.14871e-104	5.60182e-108	5.47539e-110	2.89931e-123	
1.152	0.437858	0.562142	6.5595e-104	8.88482e-108	8.70867e-110	4.73304e-123	
1.15425	0.43849	0.56151	1.03573e-103	1.40729e-107	1.38325e-109	7.71567e-123	
1.1565	0.439121	0.560879	1.6332e-103	2.22604e-107	2.19413e-109	1.25602e-122	
1.15875	0.439752	0.560248	2.5719e-103	3.51643e-107	3.4757e-109	2.04181e-122	
1.161	0.440382	0.559618	4.04477e-103	5.54743e-107	5.49847e-109	3.31459e-122	
1.16325	0.441011	0.558989	6.35273e-103	8.7399e-107	8.68689e-109	5.37333e-122	
1.1655	0.441639	0.558361	9.96453e-103	1.37514e-106	1.3706e-108	8.69878e-122	
1.16775	0.442267	0.557733	1.56094e-102	2.16082e-106	2.15966e-108	1.4063e-121	
1.17	0.442894	0.557106	2.44201e-102	3.39095e-106	3.39853e-108	2.27041e-121	
1.17225	0.443521	0.556479	3.81547e-102	5.31446e-106	5.34108e-108	3.66049e-121	
1.1745	0.444146	0.555854	5.95371e-102	8.31828e-106	8.38306e-108	5.89369e-121	
1.17675	0.444771	0.555229	9.27832e-102	1.30031e-105	1.31405e-107	9.47656e-121	
1.179	0.445396	0.554605	1.4441e-101	2.03003e-105	2.05714e-107	1.52171e-120	
1.18125	0.446019	0.553981	2.24476e-101	3.16522e-105	3.21632e-107	2.44024e-120	
1.1835	0.446642	0.553358	3.48492e-101	4.92891e-105	5.02225e-107	3.908e-120	
1.18575	0.447264	0.552736	5.40341e-101	7.66563e-105	7.83223e-107	6.25034e-120	
1.188	0.447886	0.552114	8.36755e-101	1.19068e-104	1.2199e-106	9.98342e-120	
1.19025	0.448506	0.551494	1.29415e-100	1.84714e-104	1.89764e-106	1.59252e-119	
1.1925	0.449127	0.550874	1.99908e-100	2.86193e-104	2.94821e-106	2.53703e-119	
1.19475	0.449746	0.550254	3.08417e-100	4.42872e-104	4.57468e-106	4.03645e-119	
1.197	0.450365	0.549635	4.75237e-100	6.84477e-104	7.08962e-106	6.41374e-119	
1.19925	0.450983	0.549017	7.31389e-100	1.05658e-103	1.09736e-105	1.0178e-118	
1.2015	0.4516	0.5484	1.12423e-099	1.62897e-103	1.69643e-105	1.61309e-118	
1.20375	0.452216	0.547784	1.72597e-099	2.50838e-103	2.61934e-105	2.55327e-118	
1.206	0.452832	0.547168	2.64658e-099	3.85783e-103	4.03941e-105	4.03631e-118	
1.20825	0.453448	0.546552	4.05332e-099	5.92606e-103	6.22178e-105	6.37267e-118	
1.2105	0.454062	0.545938	6.20035e-099	9.0921e-103	9.57161e-105	1.00487e-117	
1.21275	0.454676	0.545324	9.47329e-099	1.39329e-102	1.47073e-104	1.58254e-117	
1.215	0.455289	0.544711	1.44567e-098	2.13254e-102	2.25713e-104	2.48917e-117	
1.21725	0.455902	0.544098	2.20354e-098	3.26013e-102	3.45989e-104	3.91033e-117	
1.2195	0.456513	0.543487	3.35474e-098	4.97804e-102	5.29725e-104	6.13528e-117	
1.22175	0.457124	0.542876	5.10138e-098	7.59221e-102	8.10074e-104	9.61435e-117	
1.224	0.457735	0.542265	7.74831e-098	1.15656e-101	1.23733e-103	1.50477e-116	
1.22625	0.458345	0.541656	1.17549e-097	1.75977e-101	1.88771e-103	2.35229e-116	
1.2285	0.458954	0.541047	1.78127e-097	2.67448e-101	2.87659e-103	3.67266e-116	
1.23075	0.459562	0.540438	2.6961e-097	4.05993e-101	4.37839e-103	5.72722e-116	
1.233	0.46017	0.539831	4.07607e-097	6.15594e-101	6.6565e-103	8.92036e-116	
1.23525	0.460776	0.539224	6.15532e-097	9.32332e-101	1.01083e-102	1.38771e-115	
1.2375	0.461383	0.538617	9.2846e-097	1.41042e-100	1.53323e-102	2.15622e-115	
1.23975	0.461988	0.538012	1.39889e-096	2.13123e-100	2.32295e-102	3.34635e-115	
1.242	0.462593	0.537407	2.10528e-096	3.21676e-100	3.51542e-102	5.18719e-115	
1.24425	0.463198	0.536803	3.16481e-096	4.8497e-100	5.31401e-102	8.03119e-115	
1.2465	0.463801	0.536199	4.75225e-096	7.30333e-100	8.02371e-102	1.24198e-114	
1.24875	0.464404	0.535596	7.12795e-096	1.0986e-099	1.21015e-101	1.91841e-114	
1.251	0.465006	0.534994	1.06794e-095	1.65072e-099	1.82312e-101	2.95979e-114	
1.25325	0.465608	0.534392	1.59826e-095	2.47756e-099	2.74352e-101	4.56115e-114	
1.2555	0.466209	0.533791	2.38929e-095	3.71443e-099	4.12397e-101	7.02077e-114	
1.25775	0.466809	0.533191	3.56791e-095	5.56264e-099	6.19218e-101	1.07943e-113	
1.26	0.467408	0.532592	5.32209e-095	8.32132e-099	9.28736e-101	1.6577e-113	
1.26225	0.468007	0.531993	7.93009e-095	1.24345e-098	1.39144e-100	2.54284e-113	
1.2645	0.468605	0.531395	1.18033e-094	1.85605e-098	2.08238e-100	3.89617e-113	
1.26675	0.469203	0.530797	1.75492e-094	2.76746e-098	3.11304e-100	5.96299e-113	
1.269	0.4698	0.530201	2.60643e-094	4.12195e-098	4.64875e-100	9.11589e-113	
1.27125	0.470396	0.529604	3.86695e-094	6.13278e-098	6.93458e-100	1.39202e-112	
1.2735	0.470991	0.529009	5.73097e-094	9.11476e-098	1.03332e-099	2.12327e-112	
1.27575	0.471586	0.528414	8.48448e-094	1.35322e-097	1.53811e-099	3.23505e-112	
1.278	0.47218	0.52782	1.25477e-093	2.00693e-097	2.28705e-099	4.9235e-112	
1.28025	0.472774	0.527227	1.85372e-093	2.97328e-097	3.39704e-099	7.48489e-112	
1.2825	0.473366	0.526634	2.73569e-093	4.40028e-097	5.04044e-099	1.13663e-111	
1.28475	0.473958	0.526042	4.03308e-093	6.50532e-097	7.47097e-099	1.72415e-111	
1.287	0.47455	0.52545	5.93957e-093	9.60734e-097	1.10619e-098	2.6125e-111	
1.28925	0.475141	0.524859	8.73822e-093	1.41738e-096	1.63618e-098	3.95426e-111	
1.2915	0.475731	0.524269	1.28423e-092	2.08889e-096	2.41756e-098	5.97865e-111	
1.29375	0.47632	0.52368	1.88545e-092	3.07538e-096	3.56841e-098	9.02966e-111	
1.296	0.476909	0.523091	2.7653e-092	4.52309e-096	5.26168e-098	1.3623e-110	
1.29825	0.477497	0.522503	4.05161e-092	6.64547e-096	7.75044e-098	2.05309e-110	
1.3005	0.478085	0.521915	5.93022e-092	9.75379e-096	1.14047e-097	3.09087e-110	
