0	1	0	0	0	
0.005	0.999976	2.37809e-005	0	0	
0.01	0.999932	6.75731e-005	4.24793e-011	2.26829e-012	
0.015	0.999894	0.000105677	1.20537e-010	6.44973e-012	
0.02	0.999859	0.000140607	2.30596e-010	1.23645e-011	
0.025	0.999827	0.000173376	3.70291e-010	1.98964e-011	
0.03	0.999795	0.000204524	5.37874e-010	2.89615e-011	
0.035	0.999766	0.00023439	7.31968e-010	3.94948e-011	
0.04	0.999737	0.000263201	9.51438e-010	5.14442e-011	
0.045	0.999709	0.00029112	1.19532e-009	6.47664e-011	
0.05	0.999682	0.000318271	1.46279e-009	7.94245e-011	
0.055	0.999655	0.000344748	1.75311e-009	9.53868e-011	
0.06	0.999629	0.000370627	2.06561e-009	1.12625e-010	
0.065	0.999604	0.000395971	2.39972e-009	1.31116e-010	
0.07	0.999579	0.000420829	2.75488e-009	1.50835e-010	
0.075	0.999555	0.000445245	3.1306e-009	1.71764e-010	
0.08	0.999531	0.000469255	3.52641e-009	1.93885e-010	
0.085	0.999507	0.00049289	3.9419e-009	2.1718e-010	
0.09	0.999484	0.000516178	4.37665e-009	2.41635e-010	
0.095	0.999461	0.000539143	4.83029e-009	2.67235e-010	
0.1	0.999438	0.000561805	5.30247e-009	2.93967e-010	
0.105	0.999416	0.000584183	5.79285e-009	3.2182e-010	
0.11	0.999394	0.000606295	6.3011e-009	3.50782e-010	
0.115	0.999372	0.000628154	6.82693e-009	3.80842e-010	
0.12	0.99935	0.000649774	7.37005e-009	4.11991e-010	
0.125	0.999329	0.000671169	7.93017e-009	4.44218e-010	
0.13	0.999308	0.000692348	8.50703e-009	4.77516e-010	
0.135	0.999287	0.000713321	9.10038e-009	5.11876e-010	
0.14	0.999266	0.0007341	9.70998e-009	5.47289e-010	
0.145	0.999245	0.000754691	1.03356e-008	5.83749e-010	
0.15	0.999225	0.000775103	1.09769e-008	6.21248e-010	
0.155	0.999205	0.000795344	1.16339e-008	6.5978e-010	
0.16	0.999185	0.000815419	1.23061e-008	6.99337e-010	
0.165	0.999165	0.000835336	1.29936e-008	7.39914e-010	
0.17	0.999145	0.000855101	1.36959e-008	7.81505e-010	
0.175	0.999125	0.000874718	1.4413e-008	8.24104e-010	
0.18	0.999106	0.000894193	1.51446e-008	8.67706e-010	
0.185	0.999086	0.000913531	1.58906e-008	9.12305e-010	
0.19	0.999067	0.000932737	1.66508e-008	9.57896e-010	
0.195	0.999048	0.000951814	1.7425e-008	1.00448e-009	
0.2	0.999029	0.000970767	1.82131e-008	1.05204e-009	
0.205	0.99901	0.0009896	1.90149e-008	1.10058e-009	
0.21	0.998992	0.00100832	1.98301e-008	1.15009e-009	
0.215	0.998973	0.00102692	2.06588e-008	1.20058e-009	
0.22	0.998955	0.00104541	2.15006e-008	1.25203e-009	
0.225	0.998936	0.0010638	2.23555e-008	1.30444e-009	
0.23	0.998918	0.00108208	2.32233e-008	1.35781e-009	
0.235	0.9989	0.00110026	2.41039e-008	1.41214e-009	
0.24	0.998882	0.00111834	2.49971e-008	1.46742e-009	
0.245	0.998864	0.00113632	2.59028e-008	1.52364e-009	
0.25	0.998846	0.00115421	2.68208e-008	1.58081e-009	
0.255	0.998828	0.00117201	2.77511e-008	1.63892e-009	
0.26	0.99881	0.00118972	2.86934e-008	1.69797e-009	
0.265	0.998793	0.00120734	2.96477e-008	1.75796e-009	
0.27	0.998775	0.00122488	3.06139e-008	1.81887e-009	
0.275	0.998758	0.00124233	3.15918e-008	1.88072e-009	
0.28	0.99874	0.00125971	3.25812e-008	1.94349e-009	
0.285	0.998723	0.001277	3.35822e-008	2.00719e-009	
0.29	0.998706	0.00129421	3.45944e-008	2.0718e-009	
0.295	0.998689	0.00131135	3.5618e-008	2.13734e-009	
0.3	0.998672	0.00132842	3.66526e-008	2.20379e-009	
0.305	0.998655	0.00134541	3.76983e-008	2.27116e-009	
0.31	0.998638	0.00136233	3.87549e-008	2.33944e-009	
0.315	0.998621	0.00137917	3.98223e-008	2.40863e-009	
0.32	0.998604	0.00139595	4.09003e-008	2.47872e-009	
0.325	0.998587	0.00141267	4.1989e-008	2.54972e-009	
0.33	0.998571	0.00142931	4.30882e-008	2.62162e-009	
0.335	0.998554	0.00144589	4.41977e-008	2.69442e-009	
0.34	0.998538	0.00146241	4.53175e-008	2.76812e-009	
0.345	0.998521	0.00147886	4.64476e-008	2.84272e-009	
0.35	0.998505	0.00149525	4.75877e-008	2.91821e-009	
0.355	0.998488	0.00151158	4.87378e-008	2.99459e-009	
0.36	0.998472	0.00152785	4.98978e-008	3.07186e-009	
0.365	0.998456	0.00154407	5.10676e-008	3.15002e-009	
0.37	0.99844	0.00156022	5.22471e-008	3.22907e-009	
0.375	0.998424	0.00157632	5.34363e-008	3.30901e-009	
0.38	0.998408	0.00159236	5.4635e-008	3.38982e-009	
0.385	0.998392	0.00160835	5.58431e-008	3.47152e-009	
0.39	0.998376	0.00162428	5.70606e-008	3.5541e-009	
0.395	0.99836	0.00164017	5.82874e-008	3.63756e-009	
0.4	0.998344	0.00165599	5.95234e-008	3.72189e-009	
0.405	0.998328	0.00167177	6.07685e-008	3.8071e-009	
0.41	0.998312	0.0016875	6.20226e-008	3.89318e-009	
0.415	0.998297	0.00170317	6.32856e-008	3.98014e-009	
0.42	0.998281	0.0017188	6.45575e-008	4.06796e-009	
0.425	0.998266	0.00173438	6.58382e-008	4.15666e-009	
0.43	0.99825	0.00174991	6.71276e-008	4.24622e-009	
0.435	0.998235	0.00176539	6.84257e-008	4.33665e-009	
0.44	0.998219	0.00178082	6.97323e-008	4.42794e-009	
0.445	0.998204	0.00179621	7.10473e-008	4.5201e-009	
0.45	0.998188	0.00181156	7.23708e-008	4.61312e-009	
0.455	0.998173	0.00182686	7.37025e-008	4.707e-009	
0.46	0.998158	0.00184211	7.50426e-008	4.80174e-009	
0.465	0.998143	0.00185733	7.63908e-008	4.89733e-009	
0.47	0.998127	0.0018725	7.77471e-008	4.99379e-009	
0.475	0.998112	0.00188762	7.91115e-008	5.0911e-009	
0.48	0.998097	0.00190271	8.04838e-008	5.18926e-009	
0.485	0.998082	0.00191775	8.1864e-008	5.28828e-009	
0.49	0.998067	0.00193276	8.32521e-008	5.38815e-009	
0.495	0.998052	0.00194772	8.46479e-008	5.48887e-009	
0.5	0.998037	0.00196264	8.60514e-008	5.59045e-009	
0.505	0.998022	0.00197752	8.74625e-008	5.69287e-009	
0.51	0.998008	0.00199237	8.88812e-008	5.79614e-009	
0.515	0.997993	0.00200717	9.03074e-008	5.90025e-009	
0.52	0.997978	0.00202194	9.1741e-008	6.00521e-009	
0.525	0.997963	0.00203667	9.3182e-008	6.11101e-009	
0.53	0.997949	0.00205137	9.46303e-008	6.21766e-009	
0.535	0.997934	0.00206602	9.60858e-008	6.32515e-009	
0.54	0.997919	0.00208064	9.75485e-008	6.43348e-009	
0.545	0.997905	0.00209523	9.90183e-008	6.54265e-009	
0.55	0.99789	0.00210978	1.00495e-007	6.65267e-009	
0.555	0.997876	0.00212429	1.01979e-007	6.76351e-009	
0.56	0.997861	0.00213877	1.0347e-007	6.8752e-009	
0.565	0.997847	0.00215322	1.04968e-007	6.98772e-009	
0.57	0.997832	0.00216763	1.06472e-007	7.10108e-009	
0.575	0.997818	0.002182	1.07983e-007	7.21527e-009	
0.58	0.997804	0.00219635	1.09501e-007	7.3303e-009	
0.585	0.997789	0.00221066	1.11026e-007	7.44616e-009	
0.59	0.997775	0.00222494	1.12557e-007	7.56285e-009	
0.595	0.997761	0.00223918	1.14095e-007	7.68037e-009	
0.6	0.997746	0.0022534	1.15639e-007	7.79872e-009	
0.605	0.997732	0.00226758	1.1719e-007	7.9179e-009	
0.61	0.997718	0.00228173	1.18747e-007	8.03791e-009	
0.615	0.997704	0.00229585	1.2031e-007	8.15874e-009	
0.62	0.99769	0.00230994	1.2188e-007	8.2804e-009	
0.625	0.997676	0.002324	1.23456e-007	8.40289e-009	
0.63	0.997662	0.00233803	1.25038e-007	8.5262e-009	
0.635	0.997648	0.00235203	1.26626e-007	8.65034e-009	
0.64	0.997634	0.002366	1.2822e-007	8.77529e-009	
0.645	0.99762	0.00237994	1.2982e-007	8.90108e-009	
0.65	0.997606	0.00239385	1.31427e-007	9.02768e-009	
0.655	0.997592	0.00240774	1.33039e-007	9.1551e-009	
0.66	0.997578	0.00242159	1.34656e-007	9.28334e-009	
0.665	0.997564	0.00243542	1.3628e-007	9.41241e-009	
0.67	0.997551	0.00244921	1.3791e-007	9.54229e-009	
0.675	0.997537	0.00246299	1.39545e-007	9.67298e-009	
0.68	0.997523	0.00247673	1.41186e-007	9.8045e-009	
0.685	0.997509	0.00249044	1.42832e-007	9.93683e-009	
0.69	0.997496	0.00250413	1.44484e-007	1.007e-008	
0.695	0.997482	0.0025178	1.46142e-007	1.02039e-008	
0.7	0.997468	0.00253143	1.47805e-007	1.03387e-008	
0.705	0.997455	0.00254504	1.49473e-007	1.04743e-008	
0.71	0.997441	0.00255862	1.51147e-007	1.06107e-008	
0.715	0.997428	0.00257218	1.52826e-007	1.07479e-008	
0.72	0.997414	0.00258571	1.54511e-007	1.08859e-008	
0.725	0.997401	0.00259922	1.56201e-007	1.10248e-008	
0.73	0.997387	0.0026127	1.57896e-007	1.11644e-008	
0.735	0.997374	0.00262616	1.59596e-007	1.13049e-008	
0.74	0.99736	0.00263959	1.61301e-007	1.14461e-008	
0.745	0.997347	0.00265299	1.63011e-007	1.15882e-008	
0.75	0.997333	0.00266638	1.64727e-007	1.17311e-008	
0.755	0.99732	0.00267973	1.66447e-007	1.18748e-008	
0.76	0.997307	0.00269307	1.68172e-007	1.20192e-008	
0.765	0.997293	0.00270638	1.69903e-007	1.21645e-008	
0.77	0.99728	0.00271967	1.71638e-007	1.23106e-008	
0.775	0.997267	0.00273293	1.73378e-007	1.24575e-008	
0.78	0.997254	0.00274617	1.75122e-007	1.26052e-008	
0.785	0.99724	0.00275939	1.76872e-007	1.27537e-008	
0.79	0.997227	0.00277258	1.78626e-007	1.2903e-008	
0.795	0.997214	0.00278575	1.80385e-007	1.30532e-008	
0.8	0.997201	0.0027989	1.82148e-007	1.32041e-008	
0.805	0.997188	0.00281202	1.83916e-007	1.33558e-008	
0.81	0.997175	0.00282513	1.85689e-007	1.35083e-008	
0.815	0.997162	0.00283821	1.87466e-007	1.36616e-008	
0.82	0.997149	0.00285127	1.89248e-007	1.38157e-008	
0.825	0.997135	0.00286431	1.91034e-007	1.39706e-008	
0.83	0.997122	0.00287732	1.92824e-007	1.41263e-008	
0.835	0.997109	0.00289032	1.94619e-007	1.42828e-008	
0.84	0.997096	0.00290329	1.96418e-007	1.44401e-008	
0.845	0.997084	0.00291624	1.98221e-007	1.45982e-008	
0.85	0.997071	0.00292917	2.00029e-007	1.47571e-008	
0.855	0.997058	0.00294208	2.01841e-007	1.49167e-008	
0.86	0.997045	0.00295497	2.03657e-007	1.50772e-008	
0.865	0.997032	0.00296784	2.05477e-007	1.52385e-008	
0.87	0.997019	0.00298069	2.07302e-007	1.54005e-008	
0.875	0.997006	0.00299352	2.0913e-007	1.55634e-008	
0.88	0.996993	0.00300633	2.10962e-007	1.5727e-008	
0.885	0.996981	0.00301911	2.12799e-007	1.58914e-008	
0.89	0.996968	0.00303188	2.14639e-007	1.60566e-008	
0.895	0.996955	0.00304463	2.16484e-007	1.62226e-008	
0.9	0.996942	0.00305736	2.18332e-007	1.63894e-008	
0.905	0.99693	0.00307007	2.20184e-007	1.6557e-008	
0.91	0.996917	0.00308276	2.2204e-007	1.67254e-008	
0.915	0.996904	0.00309543	2.239e-007	1.68945e-008	
0.92	0.996892	0.00310808	2.25764e-007	1.70645e-008	
0.925	0.996879	0.00312071	2.27631e-007	1.72352e-008	
0.93	0.996866	0.00313333	2.29502e-007	1.74067e-008	
0.935	0.996854	0.00314592	2.31377e-007	1.7579e-008	
0.94	0.996841	0.0031585	2.33255e-007	1.77521e-008	
0.945	0.996829	0.00317105	2.35137e-007	1.7926e-008	
0.95	0.996816	0.00318359	2.37023e-007	1.81007e-008	
0.955	0.996804	0.00319611	2.38912e-007	1.82761e-008	
0.96	0.996791	0.00320861	2.40804e-007	1.84523e-008	
0.965	0.996779	0.0032211	2.42701e-007	1.86293e-008	
0.97	0.996766	0.00323356	2.446e-007	1.88071e-008	
0.975	0.996754	0.00324601	2.46503e-007	1.89857e-008	
0.98	0.996741	0.00325844	2.4841e-007	1.9165e-008	
0.985	0.996729	0.00327086	2.5032e-007	1.93451e-008	
0.99	0.996716	0.00328325	2.52233e-007	1.9526e-008	
0.995	0.996704	0.00329563	2.54149e-007	1.97077e-008	
1	0.996692	0.00330799	2.56069e-007	1.98902e-008	
1.005	0.996679	0.00332033	2.57992e-007	2.00734e-008	
1.01	0.996667	0.00333266	2.59918e-007	2.02574e-008	
1.015	0.996655	0.00334497	2.61848e-007	2.04422e-008	
1.02	0.996642	0.00335726	2.6378e-007	2.06278e-008	
1.025	0.99663	0.00336954	2.65716e-007	2.08141e-008	
1.03	0.996618	0.0033818	2.67655e-007	2.10012e-008	
1.035	0.996606	0.00339404	2.69597e-007	2.11891e-008	
1.04	0.996593	0.00340626	2.71542e-007	2.13778e-008	
1.045	0.996581	0.00341847	2.7349e-007	2.15672e-008	
1.05	0.996569	0.00343066	2.75441e-007	2.17575e-008	
1.055	0.996557	0.00344284	2.77395e-007	2.19484e-008	
1.06	0.996545	0.003455	2.79352e-007	2.21402e-008	
1.065	0.996533	0.00346714	2.81312e-007	2.23327e-008	
1.07	0.99652	0.00347927	2.83275e-007	2.2526e-008	
1.075	0.996508	0.00349138	2.85241e-007	2.27201e-008	
1.08	0.996496	0.00350348	2.87209e-007	2.2915e-008	
1.085	0.996484	0.00351556	2.89181e-007	2.31106e-008	
1.09	0.996472	0.00352762	2.91155e-007	2.3307e-008	
1.095	0.99646	0.00353967	2.93132e-007	2.35041e-008	
1.1	0.996448	0.00355171	2.95111e-007	2.3702e-008	
1.105	0.996436	0.00356372	2.97094e-007	2.39007e-008	
1.11	0.996424	0.00357573	2.99079e-007	2.41002e-008	
1.115	0.996412	0.00358771	3.01067e-007	2.43004e-008	
1.12	0.9964	0.00359969	3.03057e-007	2.45014e-008	
1.125	0.996388	0.00361164	3.0505e-007	2.47032e-008	
1.13	0.996376	0.00362359	3.07046e-007	2.49057e-008	
1.135	0.996364	0.00363551	3.09044e-007	2.5109e-008	
1.14	0.996352	0.00364742	3.11045e-007	2.5313e-008	
1.145	0.99634	0.00365932	3.13048e-007	2.55179e-008	
1.15	0.996328	0.0036712	3.15054e-007	2.57235e-008	
1.155	0.996317	0.00368307	3.17062e-007	2.59298e-008	
1.16	0.996305	0.00369493	3.19073e-007	2.61369e-008	
1.165	0.996293	0.00370677	3.21086e-007	2.63448e-008	
1.17	0.996281	0.00371859	3.23102e-007	2.65534e-008	
1.175	0.996269	0.0037304	3.2512e-007	2.67628e-008	
1.18	0.996257	0.0037422	3.2714e-007	2.6973e-008	
1.185	0.996246	0.00375398	3.29163e-007	2.71839e-008	
1.19	0.996234	0.00376574	3.31188e-007	2.73956e-008	
1.195	0.996222	0.0037775	3.33216e-007	2.7608e-008	
1.2	0.99621	0.00378924	3.35245e-007	2.78212e-008	
1.205	0.996199	0.00380096	3.37277e-007	2.80352e-008	
1.21	0.996187	0.00381267	3.39311e-007	2.82499e-008	
1.215	0.996175	0.00382437	3.41348e-007	2.84654e-008	
1.22	0.996164	0.00383606	3.43386e-007	2.86816e-008	
1.225	0.996152	0.00384773	3.45427e-007	2.88986e-008	
1.23	0.99614	0.00385938	3.4747e-007	2.91163e-008	
1.235	0.996129	0.00387103	3.49515e-007	2.93348e-008	
1.24	0.996117	0.00388266	3.51562e-007	2.95541e-008	
1.245	0.996105	0.00389427	3.53611e-007	2.97741e-008	
1.25	0.996094	0.00390587	3.55662e-007	2.99949e-008	
1.255	0.996082	0.00391746	3.57716e-007	3.02164e-008	
1.26	0.996071	0.00392904	3.59771e-007	3.04387e-008	
1.265	0.996059	0.0039406	3.61828e-007	3.06617e-008	
1.27	0.996047	0.00395215	3.63888e-007	3.08855e-008	
1.275	0.996036	0.00396369	3.65949e-007	3.111e-008	
1.28	0.996024	0.00397521	3.68012e-007	3.13353e-008	
1.285	0.996013	0.00398672	3.70078e-007	3.15614e-008	
1.29	0.996001	0.00399822	3.72145e-007	3.17882e-008	
1.295	0.99599	0.00400971	3.74214e-007	3.20157e-008	
1.3	0.995978	0.00402118	3.76285e-007	3.2244e-008	
1.305	0.995967	0.00403264	3.78357e-007	3.24731e-008	
1.31	0.995956	0.00404409	3.80432e-007	3.27029e-008	
1.315	0.995944	0.00405552	3.82508e-007	3.29334e-008	
1.32	0.995933	0.00406694	3.84586e-007	3.31647e-008	
1.325	0.995921	0.00407835	3.86666e-007	3.33968e-008	
1.33	0.99591	0.00408975	3.88748e-007	3.36296e-008	
1.335	0.995898	0.00410113	3.90832e-007	3.38631e-008	
1.34	0.995887	0.00411251	3.92917e-007	3.40974e-008	
1.345	0.995876	0.00412387	3.95004e-007	3.43324e-008	
1.35	0.995864	0.00413521	3.97092e-007	3.45682e-008	
1.355	0.995853	0.00414655	3.99182e-007	3.48047e-008	
1.36	0.995842	0.00415787	4.01274e-007	3.5042e-008	
1.365	0.99583	0.00416918	4.03368e-007	3.528e-008	
1.37	0.995819	0.00418048	4.05463e-007	3.55188e-008	
1.375	0.995808	0.00419177	4.0756e-007	3.57583e-008	
1.38	0.995797	0.00420305	4.09658e-007	3.59986e-008	
1.385	0.995785	0.00421431	4.11758e-007	3.62396e-008	
1.39	0.995774	0.00422556	4.1386e-007	3.64813e-008	
1.395	0.995763	0.0042368	4.15962e-007	3.67238e-008	
1.4	0.995752	0.00424803	4.18067e-007	3.6967e-008	
1.405	0.99574	0.00425925	4.20173e-007	3.7211e-008	
1.41	0.995729	0.00427045	4.22281e-007	3.74557e-008	
1.415	0.995718	0.00428164	4.24389e-007	3.77012e-008	
1.42	0.995707	0.00429282	4.265e-007	3.79473e-008	
1.425	0.995696	0.004304	4.28612e-007	3.81943e-008	
1.43	0.995684	0.00431515	4.30725e-007	3.8442e-008	
1.435	0.995673	0.0043263	4.3284e-007	3.86904e-008	
1.44	0.995662	0.00433744	4.34956e-007	3.89395e-008	
1.445	0.995651	0.00434856	4.37073e-007	3.91894e-008	
1.45	0.99564	0.00435968	4.39192e-007	3.944e-008	
1.455	0.995629	0.00437078	4.41312e-007	3.96914e-008	
1.46	0.995618	0.00438187	4.43433e-007	3.99435e-008	
1.465	0.995607	0.00439295	4.45556e-007	4.01964e-008	
1.47	0.995595	0.00440402	4.4768e-007	4.04499e-008	
1.475	0.995584	0.00441508	4.49806e-007	4.07043e-008	
1.48	0.995573	0.00442612	4.51932e-007	4.09593e-008	
1.485	0.995562	0.00443716	4.5406e-007	4.12151e-008	
1.49	0.995551	0.00444818	4.56189e-007	4.14716e-008	
1.495	0.99554	0.0044592	4.58319e-007	4.17289e-008	
1.5	0.995529	0.0044702	4.60451e-007	4.19869e-008	
1.505	0.995518	0.00448119	4.62584e-007	4.22456e-008	
1.51	0.995507	0.00449217	4.64717e-007	4.25051e-008	
1.515	0.995496	0.00450315	4.66852e-007	4.27652e-008	
1.52	0.995485	0.00451411	4.68989e-007	4.30262e-008	
1.525	0.995474	0.00452506	4.71126e-007	4.32878e-008	
1.53	0.995463	0.00453599	4.73264e-007	4.35502e-008	
1.535	0.995453	0.00454692	4.75404e-007	4.38133e-008	
1.54	0.995442	0.00455784	4.77544e-007	4.40772e-008	
1.545	0.995431	0.00456875	4.79686e-007	4.43418e-008	
1.55	0.99542	0.00457965	4.81829e-007	4.46071e-008	
1.555	0.995409	0.00459053	4.83973e-007	4.48731e-008	
1.56	0.995398	0.00460141	4.86117e-007	4.51399e-008	
1.565	0.995387	0.00461227	4.88263e-007	4.54074e-008	
1.57	0.995376	0.00462313	4.9041e-007	4.56757e-008	
1.575	0.995365	0.00463398	4.92558e-007	4.59446e-008	
1.58	0.995355	0.00464481	4.94707e-007	4.62143e-008	
1.585	0.995344	0.00465564	4.96857e-007	4.64847e-008	
1.59	0.995333	0.00466645	4.99008e-007	4.67559e-008	
1.595	0.995322	0.00467726	5.01159e-007	4.70277e-008	
1.6	0.995311	0.00468805	5.03312e-007	4.73003e-008	
1.605	0.995301	0.00469884	5.05465e-007	4.75737e-008	
1.61	0.99529	0.00470961	5.0762e-007	4.78477e-008	
1.615	0.995279	0.00472037	5.09775e-007	4.81225e-008	
1.62	0.995268	0.00473113	5.11932e-007	4.8398e-008	
1.625	0.995258	0.00474187	5.14089e-007	4.86742e-008	
1.63	0.995247	0.00475261	5.16247e-007	4.89512e-008	
1.635	0.995236	0.00476333	5.18405e-007	4.92288e-008	
1.64	0.995225	0.00477405	5.20565e-007	4.95072e-008	
1.645	0.995215	0.00478476	5.22726e-007	4.97864e-008	
1.65	0.995204	0.00479545	5.24887e-007	5.00662e-008	
1.655	0.995193	0.00480614	5.27049e-007	5.03468e-008	
1.66	0.995183	0.00481682	5.29212e-007	5.06281e-008	
1.665	0.995172	0.00482748	5.31375e-007	5.09101e-008	
1.67	0.995161	0.00483814	5.3354e-007	5.11928e-008	
1.675	0.995151	0.00484879	5.35705e-007	5.14763e-008	
1.68	0.99514	0.00485943	5.37871e-007	5.17604e-008	
1.685	0.995129	0.00487006	5.40037e-007	5.20453e-008	
1.69	0.995119	0.00488067	5.42205e-007	5.23309e-008	
1.695	0.995108	0.00489128	5.44373e-007	5.26173e-008	
1.7	0.995098	0.00490189	5.46541e-007	5.29043e-008	
1.705	0.995087	0.00491248	5.48711e-007	5.31921e-008	
1.71	0.995076	0.00492306	5.50881e-007	5.34806e-008	
1.715	0.995066	0.00493363	5.53052e-007	5.37698e-008	
1.72	0.995055	0.00494419	5.55223e-007	5.40597e-008	
1.725	0.995045	0.00495475	5.57395e-007	5.43503e-008	
1.73	0.995034	0.00496529	5.59568e-007	5.46417e-008	
1.735	0.995024	0.00497583	5.61741e-007	5.49338e-008	
1.74	0.995013	0.00498636	5.63915e-007	5.52265e-008	
1.745	0.995003	0.00499687	5.66089e-007	5.552e-008	
1.75	0.994992	0.00500738	5.68264e-007	5.58143e-008	
1.755	0.994981	0.00501788	5.7044e-007	5.61092e-008	
1.76	0.994971	0.00502837	5.72616e-007	5.64048e-008	
1.765	0.994961	0.00503885	5.74793e-007	5.67012e-008	
1.77	0.99495	0.00504932	5.7697e-007	5.69983e-008	
1.775	0.99494	0.00505979	5.79148e-007	5.72961e-008	
1.78	0.994929	0.00507024	5.81326e-007	5.75946e-008	
1.785	0.994919	0.00508069	5.83505e-007	5.78938e-008	
1.79	0.994908	0.00509112	5.85684e-007	5.81937e-008	
1.795	0.994898	0.00510155	5.87864e-007	5.84944e-008	
1.8	0.994887	0.00511197	5.90044e-007	5.87957e-008	
1.805	0.994877	0.00512238	5.92225e-007	5.90978e-008	
1.81	0.994867	0.00513278	5.94406e-007	5.94005e-008	
1.815	0.994856	0.00514318	5.96588e-007	5.9704e-008	
1.82	0.994846	0.00515356	5.9877e-007	6.00082e-008	
1.825	0.994835	0.00516394	6.00952e-007	6.03131e-008	
1.83	0.994825	0.0051743	6.03135e-007	6.06187e-008	
1.835	0.994815	0.00518466	6.05319e-007	6.0925e-008	
1.84	0.994804	0.00519501	6.07502e-007	6.12321e-008	
1.845	0.994794	0.00520535	6.09687e-007	6.15398e-008	
1.85	0.994784	0.00521568	6.11871e-007	6.18482e-008	
1.855	0.994773	0.00522601	6.14056e-007	6.21574e-008	
1.86	0.994763	0.00523632	6.16241e-007	6.24672e-008	
1.865	0.994753	0.00524663	6.18427e-007	6.27778e-008	
1.87	0.994742	0.00525693	6.20613e-007	6.30891e-008	
1.875	0.994732	0.00526722	6.228e-007	6.34011e-008	
1.88	0.994722	0.0052775	6.24986e-007	6.37137e-008	
1.885	0.994712	0.00528777	6.27173e-007	6.40271e-008	
1.89	0.994701	0.00529804	6.29361e-007	6.43412e-008	
1.895	0.994691	0.0053083	6.31548e-007	6.4656e-008	
1.9	0.994681	0.00531854	6.33736e-007	6.49715e-008	
1.905	0.994671	0.00532878	6.35924e-007	6.52877e-008	
1.91	0.99466	0.00533902	6.38113e-007	6.56046e-008	
1.915	0.99465	0.00534924	6.40302e-007	6.59222e-008	
1.92	0.99464	0.00535946	6.42491e-007	6.62405e-008	
1.925	0.99463	0.00536966	6.4468e-007	6.65596e-008	
1.93	0.994619	0.00537986	6.46869e-007	6.68793e-008	
1.935	0.994609	0.00539005	6.49059e-007	6.71997e-008	
1.94	0.994599	0.00540024	6.51249e-007	6.75208e-008	
1.945	0.994589	0.00541041	6.53439e-007	6.78426e-008	
1.95	0.994579	0.00542058	6.5563e-007	6.81652e-008	
1.955	0.994569	0.00543074	6.57821e-007	6.84884e-008	
1.96	0.994558	0.00544089	6.60011e-007	6.88123e-008	
1.965	0.994548	0.00545103	6.62202e-007	6.91369e-008	
1.97	0.994538	0.00546117	6.64394e-007	6.94622e-008	
1.975	0.994528	0.00547129	6.66585e-007	6.97882e-008	
1.98	0.994518	0.00548141	6.68777e-007	7.0115e-008	
1.985	0.994508	0.00549152	6.70968e-007	7.04424e-008	
1.99	0.994498	0.00550163	6.7316e-007	7.07705e-008	
1.995	0.994488	0.00551172	6.75352e-007	7.10993e-008	
2	0.994477	0.00552181	6.77544e-007	7.14288e-008	
2.005	0.994467	0.00553189	6.79737e-007	7.1759e-008	
2.01	0.994457	0.00554196	6.81929e-007	7.20899e-008	
2.015	0.994447	0.00555203	6.84121e-007	7.24215e-008	
2.02	0.994437	0.00556208	6.86314e-007	7.27538e-008	
2.025	0.994427	0.00557213	6.88507e-007	7.30868e-008	
2.03	0.994417	0.00558217	6.907e-007	7.34204e-008	
2.035	0.994407	0.00559221	6.92892e-007	7.37548e-008	
2.04	0.994397	0.00560223	6.95085e-007	7.40899e-008	
2.045	0.994387	0.00561225	6.97278e-007	7.44256e-008	
2.05	0.994377	0.00562226	6.99471e-007	7.47621e-008	
2.055	0.994367	0.00563226	7.01665e-007	7.50992e-008	
2.06	0.994357	0.00564226	7.03858e-007	7.54371e-008	
2.065	0.994347	0.00565225	7.06051e-007	7.57756e-008	
2.07	0.994337	0.00566223	7.08244e-007	7.61148e-008	
2.075	0.994327	0.0056722	7.10438e-007	7.64547e-008	
2.08	0.994317	0.00568216	7.12631e-007	7.67953e-008	
2.085	0.994307	0.00569212	7.14824e-007	7.71366e-008	
2.09	0.994297	0.00570207	7.17018e-007	7.74786e-008	
2.095	0.994287	0.00571202	7.19211e-007	7.78213e-008	
2.1	0.994277	0.00572195	7.21404e-007	7.81647e-008	
2.105	0.994267	0.00573188	7.23598e-007	7.85087e-008	
2.11	0.994257	0.0057418	7.25791e-007	7.88535e-008	
2.115	0.994247	0.00575171	7.27984e-007	7.91989e-008	
2.12	0.994238	0.00576162	7.30177e-007	7.9545e-008	
2.125	0.994228	0.00577152	7.32371e-007	7.98918e-008	
2.13	0.994218	0.00578141	7.34564e-007	8.02393e-008	
2.135	0.994208	0.00579129	7.36757e-007	8.05875e-008	
2.14	0.994198	0.00580117	7.3895e-007	8.09364e-008	
2.145	0.994188	0.00581104	7.41143e-007	8.12859e-008	
2.15	0.994178	0.0058209	7.43336e-007	8.16362e-008	
2.155	0.994168	0.00583076	7.45529e-007	8.19871e-008	
2.16	0.994159	0.00584061	7.47721e-007	8.23387e-008	
2.165	0.994149	0.00585045	7.49914e-007	8.2691e-008	
2.17	0.994139	0.00586028	7.52107e-007	8.3044e-008	
2.175	0.994129	0.00587011	7.54299e-007	8.33976e-008	
2.18	0.994119	0.00587993	7.56491e-007	8.3752e-008	
2.185	0.994109	0.00588974	7.58684e-007	8.4107e-008	
2.19	0.9941	0.00589955	7.60876e-007	8.44627e-008	
2.195	0.99409	0.00590934	7.63068e-007	8.48191e-008	
2.2	0.99408	0.00591914	7.6526e-007	8.51762e-008	
2.205	0.99407	0.00592892	7.67451e-007	8.5534e-008	
2.21	0.99406	0.0059387	7.69643e-007	8.58924e-008	
2.215	0.994051	0.00594847	7.71835e-007	8.62516e-008	
2.22	0.994041	0.00595823	7.74026e-007	8.66114e-008	
2.225	0.994031	0.00596799	7.76217e-007	8.69719e-008	
2.23	0.994021	0.00597774	7.78408e-007	8.73331e-008	
2.235	0.994012	0.00598748	7.80599e-007	8.76949e-008	
2.24	0.994002	0.00599721	7.82789e-007	8.80574e-008	
2.245	0.993992	0.00600694	7.8498e-007	8.84206e-008	
2.25	0.993982	0.00601667	7.8717e-007	8.87845e-008	
2.255	0.993973	0.00602638	7.8936e-007	8.91491e-008	
2.26	0.993963	0.00603609	7.9155e-007	8.95144e-008	
2.265	0.993953	0.00604579	7.9374e-007	8.98803e-008	
2.27	0.993944	0.00605548	7.95929e-007	9.02469e-008	
2.275	0.993934	0.00606517	7.98119e-007	9.06142e-008	
2.28	0.993924	0.00607485	8.00308e-007	9.09821e-008	
2.285	0.993915	0.00608453	8.02496e-007	9.13508e-008	
2.29	0.993905	0.0060942	8.04685e-007	9.17201e-008	
2.295	0.993895	0.00610386	8.06873e-007	9.20901e-008	
2.3	0.993886	0.00611351	8.09062e-007	9.24607e-008	
2.305	0.993876	0.00612316	8.11249e-007	9.28321e-008	
2.31	0.993866	0.0061328	8.13437e-007	9.32041e-008	
2.315	0.993857	0.00614243	8.15625e-007	9.35768e-008	
2.32	0.993847	0.00615206	8.17812e-007	9.39501e-008	
2.325	0.993837	0.00616168	8.19999e-007	9.43242e-008	
2.33	0.993828	0.0061713	8.22185e-007	9.46989e-008	
2.335	0.993818	0.0061809	8.24371e-007	9.50743e-008	
2.34	0.993809	0.0061905	8.26558e-007	9.54503e-008	
2.345	0.993799	0.0062001	8.28743e-007	9.58271e-008	
2.35	0.993789	0.00620969	8.30929e-007	9.62045e-008	
2.355	0.99378	0.00621927	8.33114e-007	9.65825e-008	
2.36	0.99377	0.00622884	8.35299e-007	9.69613e-008	
2.365	0.993761	0.00623841	8.37483e-007	9.73407e-008	
2.37	0.993751	0.00624797	8.39668e-007	9.77208e-008	
2.375	0.993742	0.00625753	8.41852e-007	9.81015e-008	
2.38	0.993732	0.00626708	8.44035e-007	9.8483e-008	
2.385	0.993722	0.00627662	8.46219e-007	9.88651e-008	
2.39	0.993713	0.00628616	8.48402e-007	9.92478e-008	
2.395	0.993703	0.00629569	8.50585e-007	9.96313e-008	
2.4	0.993694	0.00630521	8.52767e-007	1.00015e-007	
2.405	0.993684	0.00631473	8.54949e-007	1.004e-007	
2.41	0.993675	0.00632424	8.57131e-007	1.00786e-007	
2.415	0.993665	0.00633374	8.59312e-007	1.01172e-007	
2.42	0.993656	0.00634324	8.61493e-007	1.01558e-007	
2.425	0.993646	0.00635273	8.63674e-007	1.01946e-007	
2.43	0.993637	0.00636222	8.65854e-007	1.02334e-007	
2.435	0.993627	0.0063717	8.68034e-007	1.02723e-007	
2.44	0.993618	0.00638117	8.70213e-007	1.03112e-007	
2.445	0.993608	0.00639064	8.72393e-007	1.03502e-007	
2.45	0.993599	0.0064001	8.74571e-007	1.03893e-007	
2.455	0.993589	0.00640955	8.7675e-007	1.04285e-007	
2.46	0.99358	0.006419	8.78928e-007	1.04677e-007	
2.465	0.993571	0.00642844	8.81106e-007	1.05069e-007	
2.47	0.993561	0.00643788	8.83283e-007	1.05463e-007	
2.475	0.993552	0.0064473	8.8546e-007	1.05857e-007	
2.48	0.993542	0.00645673	8.87636e-007	1.06252e-007	
2.485	0.993533	0.00646614	8.89812e-007	1.06647e-007	
2.49	0.993523	0.00647556	8.91988e-007	1.07043e-007	
2.495	0.993514	0.00648496	8.94163e-007	1.0744e-007	
2.5	0.993505	0.00649436	8.96338e-007	1.07837e-007	
2.505	0.993495	0.00650375	8.98513e-007	1.08236e-007	
2.51	0.993486	0.00651314	9.00687e-007	1.08634e-007	
2.515	0.993476	0.00652252	9.0286e-007	1.09034e-007	
2.52	0.993467	0.00653189	9.05033e-007	1.09434e-007	
2.525	0.993458	0.00654126	9.07206e-007	1.09834e-007	
2.53	0.993448	0.00655062	9.09379e-007	1.10236e-007	
2.535	0.993439	0.00655998	9.1155e-007	1.10638e-007	
2.54	0.99343	0.00656933	9.13722e-007	1.11041e-007	
2.545	0.99342	0.00657867	9.15893e-007	1.11444e-007	
2.55	0.993411	0.00658801	9.18063e-007	1.11848e-007	
2.555	0.993402	0.00659734	9.20233e-007	1.12253e-007	
2.56	0.993392	0.00660667	9.22403e-007	1.12658e-007	
2.565	0.993383	0.00661599	9.24572e-007	1.13064e-007	
2.57	0.993374	0.0066253	9.26741e-007	1.13471e-007	
2.575	0.993364	0.00663461	9.28909e-007	1.13878e-007	
2.58	0.993355	0.00664391	9.31077e-007	1.14286e-007	
2.585	0.993346	0.00665321	9.33244e-007	1.14695e-007	
2.59	0.993336	0.0066625	9.35411e-007	1.15104e-007	
2.595	0.993327	0.00667179	9.37577e-007	1.15514e-007	
2.6	0.993318	0.00668107	9.39743e-007	1.15924e-007	
2.605	0.993309	0.00669034	9.41909e-007	1.16336e-007	
2.61	0.993299	0.00669961	9.44073e-007	1.16747e-007	
2.615	0.99329	0.00670887	9.46238e-007	1.1716e-007	
2.62	0.993281	0.00671812	9.48402e-007	1.17573e-007	
2.625	0.993272	0.00672737	9.50565e-007	1.17987e-007	
2.63	0.993262	0.00673662	9.52728e-007	1.18402e-007	
2.635	0.993253	0.00674586	9.5489e-007	1.18817e-007	
2.64	0.993244	0.00675509	9.57052e-007	1.19233e-007	
2.645	0.993235	0.00676432	9.59213e-007	1.19649e-007	
2.65	0.993225	0.00677354	9.61374e-007	1.20066e-007	
2.655	0.993216	0.00678275	9.63535e-007	1.20484e-007	
2.66	0.993207	0.00679196	9.65694e-007	1.20902e-007	
2.665	0.993198	0.00680117	9.67854e-007	1.21322e-007	
2.67	0.993189	0.00681036	9.70012e-007	1.21741e-007	
2.675	0.993179	0.00681956	9.72171e-007	1.22162e-007	
2.68	0.99317	0.00682874	9.74328e-007	1.22583e-007	
2.685	0.993161	0.00683792	9.76485e-007	1.23004e-007	
2.69	0.993152	0.0068471	9.78642e-007	1.23427e-007	
2.695	0.993143	0.00685627	9.80798e-007	1.2385e-007	
2.7	0.993133	0.00686543	9.82954e-007	1.24273e-007	
2.705	0.993124	0.00687459	9.85109e-007	1.24698e-007	
2.71	0.993115	0.00688375	9.87263e-007	1.25123e-007	
2.715	0.993106	0.00689289	9.89417e-007	1.25548e-007	
2.72	0.993097	0.00690204	9.9157e-007	1.25974e-007	
2.725	0.993088	0.00691117	9.93723e-007	1.26401e-007	
2.73	0.993079	0.0069203	9.95875e-007	1.26829e-007	
2.735	0.993069	0.00692943	9.98027e-007	1.27257e-007	
2.74	0.99306	0.00693855	1.00018e-006	1.27686e-007	
2.745	0.993051	0.00694766	1.00233e-006	1.28115e-007	
2.75	0.993042	0.00695677	1.00448e-006	1.28545e-007	
2.755	0.993033	0.00696587	1.00663e-006	1.28976e-007	
2.76	0.993024	0.00697497	1.00878e-006	1.29407e-007	
2.765	0.993015	0.00698406	1.01092e-006	1.29839e-007	
2.77	0.993006	0.00699315	1.01307e-006	1.30272e-007	
2.775	0.992997	0.00700223	1.01522e-006	1.30706e-007	
2.78	0.992988	0.00701131	1.01737e-006	1.31139e-007	
2.785	0.992978	0.00702038	1.01951e-006	1.31574e-007	
2.79	0.992969	0.00702944	1.02166e-006	1.32009e-007	
2.795	0.99296	0.0070385	1.0238e-006	1.32445e-007	
2.8	0.992951	0.00704756	1.02595e-006	1.32882e-007	
2.805	0.992942	0.00705661	1.02809e-006	1.33319e-007	
2.81	0.992933	0.00706565	1.03023e-006	1.33757e-007	
2.815	0.992924	0.00707469	1.03237e-006	1.34195e-007	
2.82	0.992915	0.00708372	1.03452e-006	1.34634e-007	
2.825	0.992906	0.00709275	1.03666e-006	1.35074e-007	
2.83	0.992897	0.00710177	1.0388e-006	1.35515e-007	
2.835	0.992888	0.00711079	1.04094e-006	1.35956e-007	
2.84	0.992879	0.0071198	1.04308e-006	1.36397e-007	
2.845	0.99287	0.0071288	1.04521e-006	1.3684e-007	
2.85	0.992861	0.00713781	1.04735e-006	1.37283e-007	
2.855	0.992852	0.0071468	1.04949e-006	1.37726e-007	
2.86	0.992843	0.00715579	1.05163e-006	1.3817e-007	
2.865	0.992834	0.00716478	1.05376e-006	1.38615e-007	
2.87	0.992825	0.00717376	1.0559e-006	1.39061e-007	
2.875	0.992816	0.00718273	1.05803e-006	1.39507e-007	
2.88	0.992807	0.0071917	1.06017e-006	1.39954e-007	
2.885	0.992798	0.00720066	1.0623e-006	1.40401e-007	
2.89	0.992789	0.00720962	1.06443e-006	1.40849e-007	
2.895	0.99278	0.00721858	1.06657e-006	1.41298e-007	
2.9	0.992771	0.00722752	1.0687e-006	1.41747e-007	
2.905	0.992762	0.00723647	1.07083e-006	1.42197e-007	
2.91	0.992753	0.0072454	1.07296e-006	1.42648e-007	
2.915	0.992744	0.00725434	1.07509e-006	1.43099e-007	
2.92	0.992736	0.00726326	1.07722e-006	1.43551e-007	
2.925	0.992727	0.00727219	1.07935e-006	1.44004e-007	
2.93	0.992718	0.0072811	1.08147e-006	1.44457e-007	
2.935	0.992709	0.00729002	1.0836e-006	1.44911e-007	
2.94	0.9927	0.00729892	1.08573e-006	1.45365e-007	
2.945	0.992691	0.00730783	1.08785e-006	1.4582e-007	
2.95	0.992682	0.00731672	1.08998e-006	1.46276e-007	
2.955	0.992673	0.00732561	1.0921e-006	1.46732e-007	
2.96	0.992664	0.0073345	1.09423e-006	1.47189e-007	
2.965	0.992655	0.00734338	1.09635e-006	1.47647e-007	
2.97	0.992646	0.00735226	1.09847e-006	1.48105e-007	
2.975	0.992638	0.00736113	1.10059e-006	1.48564e-007	
2.98	0.992629	0.00737	1.10271e-006	1.49023e-007	
2.985	0.99262	0.00737886	1.10484e-006	1.49483e-007	
2.99	0.992611	0.00738771	1.10696e-006	1.49944e-007	
2.995	0.992602	0.00739656	1.10907e-006	1.50405e-007	
3	0.992593	0.00740541	1.11119e-006	1.50867e-007	
3.005	0.992584	0.00741425	1.11331e-006	1.5133e-007	
3.01	0.992576	0.00742309	1.11543e-006	1.51793e-007	
3.015	0.992567	0.00743192	1.11754e-006	1.52257e-007	
3.02	0.992558	0.00744075	1.11966e-006	1.52722e-007	
3.025	0.992549	0.00744957	1.12177e-006	1.53187e-007	
3.03	0.99254	0.00745838	1.12389e-006	1.53653e-007	
3.035	0.992532	0.00746719	1.126e-006	1.54119e-007	
3.04	0.992523	0.007476	1.12812e-006	1.54586e-007	
3.045	0.992514	0.0074848	1.13023e-006	1.55054e-007	
3.05	0.992505	0.0074936	1.13234e-006	1.55522e-007	
3.055	0.992496	0.00750239	1.13445e-006	1.55991e-007	
3.06	0.992488	0.00751118	1.13656e-006	1.5646e-007	
3.065	0.992479	0.00751996	1.13867e-006	1.56931e-007	
3.07	0.99247	0.00752874	1.14078e-006	1.57401e-007	
3.075	0.992461	0.00753751	1.14289e-006	1.57873e-007	
3.08	0.992452	0.00754627	1.14499e-006	1.58345e-007	
3.085	0.992444	0.00755504	1.1471e-006	1.58818e-007	
3.09	0.992435	0.00756379	1.14921e-006	1.59291e-007	
3.095	0.992426	0.00757255	1.15131e-006	1.59765e-007	
3.1	0.992417	0.00758129	1.15342e-006	1.60239e-007	
3.105	0.992409	0.00759004	1.15552e-006	1.60715e-007	
3.11	0.9924	0.00759878	1.15762e-006	1.6119e-007	
3.115	0.992391	0.00760751	1.15972e-006	1.61667e-007	
3.12	0.992382	0.00761624	1.16183e-006	1.62144e-007	
3.125	0.992374	0.00762496	1.16393e-006	1.62621e-007	
3.13	0.992365	0.00763368	1.16603e-006	1.631e-007	
3.135	0.992356	0.00764239	1.16813e-006	1.63579e-007	
3.14	0.992348	0.0076511	1.17023e-006	1.64058e-007	
3.145	0.992339	0.00765981	1.17232e-006	1.64538e-007	
3.15	0.99233	0.00766851	1.17442e-006	1.65019e-007	
3.155	0.992321	0.0076772	1.17652e-006	1.655e-007	
3.16	0.992313	0.00768589	1.17861e-006	1.65983e-007	
3.165	0.992304	0.00769458	1.18071e-006	1.66465e-007	
3.17	0.992295	0.00770326	1.1828e-006	1.66948e-007	
3.175	0.992287	0.00771193	1.1849e-006	1.67432e-007	
3.18	0.992278	0.00772061	1.18699e-006	1.67917e-007	
3.185	0.992269	0.00772927	1.18908e-006	1.68402e-007	
3.19	0.992261	0.00773793	1.19117e-006	1.68888e-007	
3.195	0.992252	0.00774659	1.19326e-006	1.69374e-007	
3.2	0.992243	0.00775524	1.19535e-006	1.69861e-007	
3.205	0.992235	0.00776389	1.19744e-006	1.70349e-007	
3.21	0.992226	0.00777254	1.19953e-006	1.70837e-007	
3.215	0.992217	0.00778117	1.20162e-006	1.71326e-007	
3.22	0.992209	0.00778981	1.20371e-006	1.71815e-007	
3.225	0.9922	0.00779844	1.20579e-006	1.72305e-007	
3.23	0.992192	0.00780706	1.20788e-006	1.72796e-007	
3.235	0.992183	0.00781568	1.20996e-006	1.73287e-007	
3.24	0.992174	0.0078243	1.21205e-006	1.73779e-007	
3.245	0.992166	0.00783291	1.21413e-006	1.74271e-007	
3.25	0.992157	0.00784151	1.21621e-006	1.74765e-007	
3.255	0.992148	0.00785012	1.21829e-006	1.75258e-007	
3.26	0.99214	0.00785871	1.22038e-006	1.75753e-007	
3.265	0.992131	0.0078673	1.22246e-006	1.76248e-007	
3.27	0.992123	0.00787589	1.22453e-006	1.76743e-007	
3.275	0.992114	0.00788448	1.22661e-006	1.7724e-007	
3.28	0.992106	0.00789305	1.22869e-006	1.77736e-007	
3.285	0.992097	0.00790163	1.23077e-006	1.78234e-007	
3.29	0.992088	0.0079102	1.23285e-006	1.78732e-007	
3.295	0.99208	0.00791876	1.23492e-006	1.7923e-007	
3.3	0.992071	0.00792732	1.237e-006	1.7973e-007	
3.305	0.992063	0.00793588	1.23907e-006	1.8023e-007	
3.31	0.992054	0.00794443	1.24114e-006	1.8073e-007	
3.315	0.992046	0.00795298	1.24322e-006	1.81231e-007	
3.32	0.992037	0.00796152	1.24529e-006	1.81733e-007	
3.325	0.992029	0.00797006	1.24736e-006	1.82235e-007	
3.33	0.99202	0.00797859	1.24943e-006	1.82738e-007	
3.335	0.992011	0.00798712	1.2515e-006	1.83242e-007	
3.34	0.992003	0.00799565	1.25357e-006	1.83746e-007	
3.345	0.991994	0.00800417	1.25564e-006	1.84251e-007	
3.35	0.991986	0.00801268	1.2577e-006	1.84756e-007	
3.355	0.991977	0.00802119	1.25977e-006	1.85262e-007	
3.36	0.991969	0.0080297	1.26184e-006	1.85769e-007	
3.365	0.99196	0.0080382	1.2639e-006	1.86276e-007	
3.37	0.991952	0.0080467	1.26597e-006	1.86784e-007	
3.375	0.991943	0.00805519	1.26803e-006	1.87292e-007	
3.38	0.991935	0.00806368	1.27009e-006	1.87801e-007	
3.385	0.991926	0.00807217	1.27215e-006	1.88311e-007	
3.39	0.991918	0.00808065	1.27421e-006	1.88821e-007	
3.395	0.991909	0.00808912	1.27628e-006	1.89332e-007	
3.4	0.991901	0.00809759	1.27833e-006	1.89843e-007	
3.405	0.991892	0.00810606	1.28039e-006	1.90355e-007	
3.41	0.991884	0.00811452	1.28245e-006	1.90868e-007	
3.415	0.991876	0.00812298	1.28451e-006	1.91381e-007	
3.42	0.991867	0.00813144	1.28657e-006	1.91895e-007	
3.425	0.991859	0.00813988	1.28862e-006	1.9241e-007	
3.43	0.99185	0.00814833	1.29068e-006	1.92925e-007	
3.435	0.991842	0.00815677	1.29273e-006	1.93441e-007	
3.44	0.991833	0.00816521	1.29478e-006	1.93957e-007	
3.445	0.991825	0.00817364	1.29684e-006	1.94474e-007	
3.45	0.991816	0.00818207	1.29889e-006	1.94991e-007	
3.455	0.991808	0.00819049	1.30094e-006	1.95509e-007	
3.46	0.9918	0.00819891	1.30299e-006	1.96028e-007	
3.465	0.991791	0.00820733	1.30504e-006	1.96548e-007	
3.47	0.991783	0.00821574	1.30709e-006	1.97067e-007	
3.475	0.991774	0.00822414	1.30914e-006	1.97588e-007	
3.48	0.991766	0.00823254	1.31118e-006	1.98109e-007	
3.485	0.991758	0.00824094	1.31323e-006	1.98631e-007	
3.49	0.991749	0.00824934	1.31527e-006	1.99153e-007	
3.495	0.991741	0.00825773	1.31732e-006	1.99676e-007	
3.5	0.991732	0.00826611	1.31936e-006	2.002e-007	
3.505	0.991724	0.00827449	1.32141e-006	2.00724e-007	
3.51	0.991716	0.00828287	1.32345e-006	2.01249e-007	
3.515	0.991707	0.00829124	1.32549e-006	2.01774e-007	
3.52	0.991699	0.00829961	1.32753e-006	2.023e-007	
3.525	0.99169	0.00830797	1.32957e-006	2.02826e-007	
3.53	0.991682	0.00831633	1.33161e-006	2.03353e-007	
3.535	0.991674	0.00832469	1.33365e-006	2.03881e-007	
3.54	0.991665	0.00833304	1.33569e-006	2.0441e-007	
3.545	0.991657	0.00834138	1.33772e-006	2.04938e-007	
3.55	0.991649	0.00834973	1.33976e-006	2.05468e-007	
3.555	0.99164	0.00835807	1.34179e-006	2.05998e-007	
3.56	0.991632	0.0083664	1.34383e-006	2.06529e-007	
3.565	0.991624	0.00837473	1.34586e-006	2.0706e-007	
3.57	0.991615	0.00838306	1.34789e-006	2.07592e-007	
3.575	0.991607	0.00839138	1.34993e-006	2.08125e-007	
3.58	0.991599	0.0083997	1.35196e-006	2.08658e-007	
3.585	0.99159	0.00840801	1.35399e-006	2.09191e-007	
3.59	0.991582	0.00841632	1.35602e-006	2.09726e-007	
3.595	0.991574	0.00842462	1.35805e-006	2.10261e-007	
3.6	0.991566	0.00843293	1.36007e-006	2.10796e-007	
3.605	0.991557	0.00844122	1.3621e-006	2.11332e-007	
3.61	0.991549	0.00844952	1.36413e-006	2.11869e-007	
3.615	0.991541	0.00845781	1.36615e-006	2.12406e-007	
3.62	0.991532	0.00846609	1.36818e-006	2.12944e-007	
3.625	0.991524	0.00847437	1.3702e-006	2.13483e-007	
3.63	0.991516	0.00848265	1.37223e-006	2.14022e-007	
3.635	0.991507	0.00849092	1.37425e-006	2.14561e-007	
3.64	0.991499	0.00849919	1.37627e-006	2.15102e-007	
3.645	0.991491	0.00850745	1.37829e-006	2.15642e-007	
3.65	0.991483	0.00851571	1.38031e-006	2.16184e-007	
3.655	0.991474	0.00852397	1.38233e-006	2.16726e-007	
3.66	0.991466	0.00853222	1.38435e-006	2.17269e-007	
3.665	0.991458	0.00854047	1.38637e-006	2.17812e-007	
3.67	0.99145	0.00854871	1.38838e-006	2.18356e-007	
3.675	0.991441	0.00855695	1.3904e-006	2.189e-007	
3.68	0.991433	0.00856519	1.39241e-006	2.19445e-007	
3.685	0.991425	0.00857342	1.39443e-006	2.1999e-007	
3.69	0.991417	0.00858165	1.39644e-006	2.20537e-007	
3.695	0.991409	0.00858987	1.39845e-006	2.21083e-007	
3.7	0.9914	0.00859809	1.40047e-006	2.21631e-007	
3.705	0.991392	0.00860631	1.40248e-006	2.22179e-007	
3.71	0.991384	0.00861452	1.40449e-006	2.22727e-007	
3.715	0.991376	0.00862273	1.4065e-006	2.23276e-007	
3.72	0.991367	0.00863093	1.4085e-006	2.23826e-007	
3.725	0.991359	0.00863913	1.41051e-006	2.24376e-007	
3.73	0.991351	0.00864733	1.41252e-006	2.24927e-007	
3.735	0.991343	0.00865552	1.41453e-006	2.25479e-007	
3.74	0.991335	0.00866371	1.41653e-006	2.26031e-007	
3.745	0.991326	0.00867189	1.41854e-006	2.26583e-007	
3.75	0.991318	0.00868007	1.42054e-006	2.27137e-007	
3.755	0.99131	0.00868825	1.42254e-006	2.2769e-007	
3.76	0.991302	0.00869642	1.42454e-006	2.28245e-007	
3.765	0.991294	0.00870459	1.42655e-006	2.288e-007	
3.77	0.991286	0.00871275	1.42855e-006	2.29355e-007	
3.775	0.991277	0.00872091	1.43055e-006	2.29912e-007	
3.78	0.991269	0.00872907	1.43255e-006	2.30468e-007	
3.785	0.991261	0.00873722	1.43454e-006	2.31026e-007	
3.79	0.991253	0.00874537	1.43654e-006	2.31584e-007	
3.795	0.991245	0.00875351	1.43854e-006	2.32142e-007	
3.8	0.991237	0.00876165	1.44053e-006	2.32701e-007	
3.805	0.991229	0.00876979	1.44253e-006	2.33261e-007	
3.81	0.99122	0.00877792	1.44452e-006	2.33821e-007	
3.815	0.991212	0.00878605	1.44652e-006	2.34382e-007	
3.82	0.991204	0.00879418	1.44851e-006	2.34943e-007	
3.825	0.991196	0.0088023	1.4505e-006	2.35505e-007	
3.83	0.991188	0.00881042	1.45249e-006	2.36068e-007	
3.835	0.99118	0.00881853	1.45448e-006	2.36631e-007	
3.84	0.991172	0.00882664	1.45647e-006	2.37195e-007	
