0	1	0	0	0	
0.005	0.999976	2.37809e-005	0	0	
0.01	0.999932	6.75781e-005	4.25657e-011	2.26841e-012	
0.015	0.999894	0.000105691	1.20955e-010	6.45034e-012	
0.02	0.999859	0.000140635	2.31727e-010	1.23662e-011	
0.025	0.999827	0.000173419	3.72643e-010	1.99e-011	
0.03	0.999795	0.000204588	5.42073e-010	2.89679e-011	
0.035	0.999766	0.000234477	7.38748e-010	3.95053e-011	
0.04	0.999737	0.000263314	9.61639e-010	5.14603e-011	
0.045	0.999709	0.000291262	1.20989e-009	6.47898e-011	
0.05	0.999682	0.000318445	1.48276e-009	7.94572e-011	
0.055	0.999655	0.000344957	1.77961e-009	9.54309e-011	
0.06	0.999629	0.000370874	2.09988e-009	1.12683e-010	
0.065	0.999604	0.000396257	2.44306e-009	1.3119e-010	
0.07	0.999579	0.000421158	2.8087e-009	1.50929e-010	
0.075	0.999554	0.00044562	3.19638e-009	1.71881e-010	
0.08	0.99953	0.000469678	3.60573e-009	1.94027e-010	
0.085	0.999507	0.000493364	4.03639e-009	2.17352e-010	
0.09	0.999483	0.000516705	4.48805e-009	2.41841e-010	
0.095	0.99946	0.000539725	4.96041e-009	2.67479e-010	
0.1	0.999438	0.000562445	5.45318e-009	2.94255e-010	
0.105	0.999415	0.000584883	5.96611e-009	3.22156e-010	
0.11	0.999393	0.000607057	6.49894e-009	3.51171e-010	
0.115	0.999371	0.000628981	7.05146e-009	3.8129e-010	
0.12	0.999349	0.000650668	7.62343e-009	4.12503e-010	
0.125	0.999328	0.000672132	8.21465e-009	4.44801e-010	
0.13	0.999307	0.000693382	8.82493e-009	4.78176e-010	
0.135	0.999286	0.00071443	9.45407e-009	5.1262e-010	
0.14	0.999265	0.000735285	1.01019e-008	5.48125e-010	
0.145	0.999244	0.000755954	1.07682e-008	5.84683e-010	
0.15	0.999224	0.000776447	1.14529e-008	6.22289e-010	
0.155	0.999203	0.000796769	1.21558e-008	6.60936e-010	
0.16	0.999183	0.00081693	1.28768e-008	7.00617e-010	
0.165	0.999163	0.000836933	1.36156e-008	7.41327e-010	
0.17	0.999143	0.000856786	1.43722e-008	7.8306e-010	
0.175	0.999123	0.000876494	1.51464e-008	8.25811e-010	
0.18	0.999104	0.000896062	1.59381e-008	8.69574e-010	
0.185	0.999084	0.000915495	1.67472e-008	9.14346e-010	
0.19	0.999065	0.000934798	1.75736e-008	9.60121e-010	
0.195	0.999046	0.000953974	1.8417e-008	1.0069e-009	
0.2	0.999027	0.000973028	1.92775e-008	1.05466e-009	
0.205	0.999008	0.000991963	2.0155e-008	1.10342e-009	
0.21	0.998989	0.00101078	2.10492e-008	1.15317e-009	
0.215	0.99897	0.00102949	2.19601e-008	1.2039e-009	
0.22	0.998952	0.00104809	2.28876e-008	1.25561e-009	
0.225	0.998933	0.00106659	2.38317e-008	1.30829e-009	
0.23	0.998915	0.00108498	2.47921e-008	1.36195e-009	
0.235	0.998897	0.00110328	2.57689e-008	1.41658e-009	
0.24	0.998878	0.00112147	2.67619e-008	1.47217e-009	
0.245	0.99886	0.00113958	2.77711e-008	1.52872e-009	
0.25	0.998842	0.00115759	2.87963e-008	1.58624e-009	
0.255	0.998824	0.00117551	2.98375e-008	1.64472e-009	
0.26	0.998807	0.00119334	3.08946e-008	1.70415e-009	
0.265	0.998789	0.00121109	3.19675e-008	1.76453e-009	
0.27	0.998771	0.00122876	3.30561e-008	1.82586e-009	
0.275	0.998754	0.00124634	3.41605e-008	1.88814e-009	
0.28	0.998736	0.00126384	3.52804e-008	1.95137e-009	
0.285	0.998719	0.00128127	3.64158e-008	2.01554e-009	
0.29	0.998701	0.00129862	3.75667e-008	2.08065e-009	
0.295	0.998684	0.00131589	3.87329e-008	2.1467e-009	
0.3	0.998667	0.0013331	3.99145e-008	2.21368e-009	
0.305	0.99865	0.00135023	4.11113e-008	2.2816e-009	
0.31	0.998633	0.00136729	4.23233e-008	2.35046e-009	
0.315	0.998616	0.00138428	4.35504e-008	2.42025e-009	
0.32	0.998599	0.0014012	4.47926e-008	2.49096e-009	
0.325	0.998582	0.00141806	4.60497e-008	2.56261e-009	
0.33	0.998565	0.00143486	4.73218e-008	2.63518e-009	
0.335	0.998548	0.00145159	4.86088e-008	2.70867e-009	
0.34	0.998532	0.00146826	4.99106e-008	2.78309e-009	
0.345	0.998515	0.00148487	5.12271e-008	2.85843e-009	
0.35	0.998499	0.00150141	5.25584e-008	2.93469e-009	
0.355	0.998482	0.0015179	5.39043e-008	3.01187e-009	
0.36	0.998466	0.00153433	5.52648e-008	3.08996e-009	
0.365	0.998449	0.00155071	5.66399e-008	3.16898e-009	
0.37	0.998433	0.00156702	5.80294e-008	3.24891e-009	
0.375	0.998417	0.00158329	5.94334e-008	3.32975e-009	
0.38	0.9984	0.0015995	6.08518e-008	3.4115e-009	
0.385	0.998384	0.00161565	6.22845e-008	3.49417e-009	
0.39	0.998368	0.00163175	6.37316e-008	3.57774e-009	
0.395	0.998352	0.00164781	6.51928e-008	3.66223e-009	
0.4	0.998336	0.00166381	6.66683e-008	3.74762e-009	
0.405	0.99832	0.00167976	6.81579e-008	3.83393e-009	
0.41	0.998304	0.00169566	6.96616e-008	3.92113e-009	
0.415	0.998288	0.00171151	7.11794e-008	4.00925e-009	
0.42	0.998273	0.00172732	7.27112e-008	4.09826e-009	
0.425	0.998257	0.00174308	7.4257e-008	4.18818e-009	
0.43	0.998241	0.00175879	7.58167e-008	4.27901e-009	
0.435	0.998225	0.00177446	7.73903e-008	4.37073e-009	
0.44	0.99821	0.00179008	7.89777e-008	4.46336e-009	
0.445	0.998194	0.00180566	8.0579e-008	4.55689e-009	
0.45	0.998179	0.00182119	8.2194e-008	4.65131e-009	
0.455	0.998163	0.00183668	8.38227e-008	4.74664e-009	
0.46	0.998148	0.00185213	8.54651e-008	4.84286e-009	
0.465	0.998132	0.00186754	8.71212e-008	4.93999e-009	
0.47	0.998117	0.0018829	8.87909e-008	5.038e-009	
0.475	0.998102	0.00189823	9.04741e-008	5.13692e-009	
0.48	0.998086	0.00191351	9.21709e-008	5.23673e-009	
0.485	0.998071	0.00192875	9.38811e-008	5.33743e-009	
0.49	0.998056	0.00194396	9.56048e-008	5.43903e-009	
0.495	0.998041	0.00195913	9.7342e-008	5.54153e-009	
0.5	0.998026	0.00197425	9.90925e-008	5.64492e-009	
0.505	0.998011	0.00198934	1.00856e-007	5.7492e-009	
0.51	0.997995	0.0020044	1.02634e-007	5.85437e-009	
0.515	0.99798	0.00201941	1.04424e-007	5.96044e-009	
0.52	0.997965	0.00203439	1.06228e-007	6.06739e-009	
0.525	0.997951	0.00204933	1.08045e-007	6.17524e-009	
0.53	0.997936	0.00206424	1.09875e-007	6.28398e-009	
0.535	0.997921	0.00207911	1.11718e-007	6.39361e-009	
0.54	0.997906	0.00209395	1.13574e-007	6.50413e-009	
0.545	0.997891	0.00210876	1.15444e-007	6.61554e-009	
0.55	0.997876	0.00212353	1.17326e-007	6.72784e-009	
0.555	0.997862	0.00213826	1.19222e-007	6.84102e-009	
0.56	0.997847	0.00215296	1.2113e-007	6.9551e-009	
0.565	0.997832	0.00216763	1.23052e-007	7.07006e-009	
0.57	0.997818	0.00218227	1.24986e-007	7.18592e-009	
0.575	0.997803	0.00219688	1.26933e-007	7.30266e-009	
0.58	0.997788	0.00221145	1.28894e-007	7.42029e-009	
0.585	0.997774	0.00222599	1.30866e-007	7.5388e-009	
0.59	0.997759	0.0022405	1.32852e-007	7.6582e-009	
0.595	0.997745	0.00225498	1.34851e-007	7.77849e-009	
0.6	0.99773	0.00226943	1.36862e-007	7.89967e-009	
0.605	0.997716	0.00228385	1.38886e-007	8.02173e-009	
0.61	0.997702	0.00229824	1.40923e-007	8.14468e-009	
0.615	0.997687	0.0023126	1.42972e-007	8.26852e-009	
0.62	0.997673	0.00232694	1.45034e-007	8.39324e-009	
0.625	0.997659	0.00234124	1.47109e-007	8.51885e-009	
0.63	0.997644	0.00235551	1.49196e-007	8.64534e-009	
0.635	0.99763	0.00236976	1.51296e-007	8.77272e-009	
0.64	0.997616	0.00238397	1.53408e-007	8.90098e-009	
0.645	0.997602	0.00239816	1.55533e-007	9.03013e-009	
0.65	0.997588	0.00241232	1.5767e-007	9.16017e-009	
0.655	0.997573	0.00242646	1.5982e-007	9.29109e-009	
0.66	0.997559	0.00244057	1.61982e-007	9.4229e-009	
0.665	0.997545	0.00245465	1.64157e-007	9.55559e-009	
0.67	0.997531	0.0024687	1.66344e-007	9.68916e-009	
0.675	0.997517	0.00248273	1.68543e-007	9.82363e-009	
0.68	0.997503	0.00249673	1.70754e-007	9.95897e-009	
0.685	0.997489	0.00251071	1.72978e-007	1.00952e-008	
0.69	0.997475	0.00252466	1.75215e-007	1.02323e-008	
0.695	0.997461	0.00253858	1.77463e-007	1.03703e-008	
0.7	0.997447	0.00255248	1.79724e-007	1.05092e-008	
0.705	0.997433	0.00256636	1.81997e-007	1.0649e-008	
0.71	0.99742	0.00258021	1.84282e-007	1.07896e-008	
0.715	0.997406	0.00259404	1.86579e-007	1.09312e-008	
0.72	0.997392	0.00260784	1.88888e-007	1.10736e-008	
0.725	0.997378	0.00262162	1.9121e-007	1.12169e-008	
0.73	0.997364	0.00263537	1.93543e-007	1.13611e-008	
0.735	0.997351	0.0026491	1.95889e-007	1.15062e-008	
0.74	0.997337	0.00266281	1.98246e-007	1.16522e-008	
0.745	0.997323	0.00267649	2.00616e-007	1.1799e-008	
0.75	0.99731	0.00269015	2.02998e-007	1.19468e-008	
0.755	0.997296	0.00270379	2.05392e-007	1.20954e-008	
0.76	0.997282	0.00271741	2.07797e-007	1.22449e-008	
0.765	0.997269	0.002731	2.10215e-007	1.23953e-008	
0.77	0.997255	0.00274457	2.12644e-007	1.25466e-008	
0.775	0.997242	0.00275812	2.15086e-007	1.26987e-008	
0.78	0.997228	0.00277165	2.17539e-007	1.28518e-008	
0.785	0.997215	0.00278515	2.20004e-007	1.30057e-008	
0.79	0.997201	0.00279864	2.22481e-007	1.31606e-008	
0.795	0.997188	0.0028121	2.2497e-007	1.33163e-008	
0.8	0.997174	0.00282554	2.2747e-007	1.34729e-008	
0.805	0.997161	0.00283896	2.29983e-007	1.36304e-008	
0.81	0.997147	0.00285236	2.32507e-007	1.37887e-008	
0.815	0.997134	0.00286574	2.35043e-007	1.3948e-008	
0.82	0.997121	0.0028791	2.3759e-007	1.41081e-008	
0.825	0.997107	0.00289243	2.40149e-007	1.42692e-008	
0.83	0.997094	0.00290575	2.4272e-007	1.44311e-008	
0.835	0.997081	0.00291905	2.45303e-007	1.45939e-008	
0.84	0.997067	0.00293232	2.47897e-007	1.47576e-008	
0.845	0.997054	0.00294558	2.50503e-007	1.49222e-008	
0.85	0.997041	0.00295882	2.5312e-007	1.50877e-008	
0.855	0.997028	0.00297204	2.55749e-007	1.5254e-008	
0.86	0.997014	0.00298523	2.5839e-007	1.54213e-008	
0.865	0.997001	0.00299841	2.61042e-007	1.55894e-008	
0.87	0.996988	0.00301157	2.63706e-007	1.57585e-008	
0.875	0.996975	0.00302471	2.66381e-007	1.59284e-008	
0.88	0.996962	0.00303784	2.69067e-007	1.60992e-008	
0.885	0.996949	0.00305094	2.71765e-007	1.62709e-008	
0.89	0.996936	0.00306403	2.74475e-007	1.64435e-008	
0.895	0.996923	0.00307709	2.77196e-007	1.6617e-008	
0.9	0.99691	0.00309014	2.79928e-007	1.67913e-008	
0.905	0.996897	0.00310317	2.82672e-007	1.69666e-008	
0.91	0.996884	0.00311618	2.85427e-007	1.71428e-008	
0.915	0.996871	0.00312918	2.88194e-007	1.73198e-008	
0.92	0.996858	0.00314215	2.90972e-007	1.74977e-008	
0.925	0.996845	0.00315511	2.93761e-007	1.76766e-008	
0.93	0.996832	0.00316805	2.96562e-007	1.78563e-008	
0.935	0.996819	0.00318098	2.99373e-007	1.80369e-008	
0.94	0.996806	0.00319388	3.02197e-007	1.82184e-008	
0.945	0.996793	0.00320677	3.05031e-007	1.84008e-008	
0.95	0.99678	0.00321964	3.07877e-007	1.85841e-008	
0.955	0.996767	0.0032325	3.10733e-007	1.87683e-008	
0.96	0.996754	0.00324533	3.13602e-007	1.89534e-008	
0.965	0.996742	0.00325816	3.16481e-007	1.91394e-008	
0.97	0.996729	0.00327096	3.19371e-007	1.93262e-008	
0.975	0.996716	0.00328375	3.22273e-007	1.9514e-008	
0.98	0.996703	0.00329652	3.25186e-007	1.97027e-008	
0.985	0.99669	0.00330927	3.2811e-007	1.98922e-008	
0.99	0.996678	0.00332201	3.31045e-007	2.00827e-008	
0.995	0.996665	0.00333474	3.33991e-007	2.0274e-008	
1	0.996652	0.00334744	3.36948e-007	2.04663e-008	
1.005	0.99664	0.00336013	3.39916e-007	2.06594e-008	
1.01	0.996627	0.00337281	3.42896e-007	2.08535e-008	
1.015	0.996614	0.00338547	3.45886e-007	2.10484e-008	
1.02	0.996602	0.00339811	3.48888e-007	2.12442e-008	
1.025	0.996589	0.00341074	3.519e-007	2.1441e-008	
1.03	0.996576	0.00342335	3.54923e-007	2.16386e-008	
1.035	0.996564	0.00343595	3.57958e-007	2.18371e-008	
1.04	0.996551	0.00344853	3.61003e-007	2.20366e-008	
1.045	0.996539	0.00346109	3.6406e-007	2.22369e-008	
1.05	0.996526	0.00347364	3.67127e-007	2.24381e-008	
1.055	0.996513	0.00348618	3.70205e-007	2.26403e-008	
1.06	0.996501	0.0034987	3.73294e-007	2.28433e-008	
1.065	0.996488	0.00351121	3.76394e-007	2.30472e-008	
1.07	0.996476	0.0035237	3.79505e-007	2.32521e-008	
1.075	0.996463	0.00353618	3.82627e-007	2.34578e-008	
1.08	0.996451	0.00354864	3.8576e-007	2.36644e-008	
1.085	0.996438	0.00356109	3.88903e-007	2.3872e-008	
1.09	0.996426	0.00357352	3.92057e-007	2.40804e-008	
1.095	0.996414	0.00358594	3.95222e-007	2.42898e-008	
1.1	0.996401	0.00359834	3.98398e-007	2.45e-008	
1.105	0.996389	0.00361074	4.01585e-007	2.47112e-008	
1.11	0.996376	0.00362311	4.04782e-007	2.49232e-008	
1.115	0.996364	0.00363547	4.07991e-007	2.51362e-008	
1.12	0.996352	0.00364782	4.1121e-007	2.53501e-008	
1.125	0.996339	0.00366016	4.14439e-007	2.55649e-008	
1.13	0.996327	0.00367248	4.1768e-007	2.57805e-008	
1.135	0.996315	0.00368479	4.20931e-007	2.59971e-008	
1.14	0.996302	0.00369708	4.24192e-007	2.62146e-008	
1.145	0.99629	0.00370936	4.27465e-007	2.6433e-008	
1.15	0.996278	0.00372163	4.30748e-007	2.66523e-008	
1.155	0.996266	0.00373388	4.34042e-007	2.68726e-008	
1.16	0.996253	0.00374612	4.37346e-007	2.70937e-008	
1.165	0.996241	0.00375835	4.40661e-007	2.73157e-008	
1.17	0.996229	0.00377056	4.43987e-007	2.75387e-008	
1.175	0.996217	0.00378276	4.47323e-007	2.77625e-008	
1.18	0.996205	0.00379495	4.5067e-007	2.79873e-008	
1.185	0.996192	0.00380712	4.54027e-007	2.8213e-008	
1.19	0.99618	0.00381928	4.57395e-007	2.84395e-008	
1.195	0.996168	0.00383143	4.60774e-007	2.8667e-008	
1.2	0.996156	0.00384357	4.64163e-007	2.88955e-008	
1.205	0.996144	0.00385569	4.67562e-007	2.91248e-008	
1.21	0.996132	0.0038678	4.70972e-007	2.9355e-008	
1.215	0.99612	0.0038799	4.74393e-007	2.95862e-008	
1.22	0.996108	0.00389198	4.77824e-007	2.98182e-008	
1.225	0.996095	0.00390405	4.81265e-007	3.00512e-008	
1.23	0.996083	0.00391611	4.84717e-007	3.02851e-008	
1.235	0.996071	0.00392816	4.8818e-007	3.05199e-008	
1.24	0.996059	0.0039402	4.91652e-007	3.07556e-008	
1.245	0.996047	0.00395222	4.95136e-007	3.09922e-008	
1.25	0.996035	0.00396423	4.98629e-007	3.12298e-008	
1.255	0.996023	0.00397623	5.02133e-007	3.14683e-008	
1.26	0.996011	0.00398822	5.05648e-007	3.17077e-008	
1.265	0.995999	0.00400019	5.09173e-007	3.1948e-008	
1.27	0.995987	0.00401216	5.12708e-007	3.21892e-008	
1.275	0.995975	0.00402411	5.16253e-007	3.24313e-008	
1.28	0.995963	0.00403605	5.19809e-007	3.26744e-008	
1.285	0.995951	0.00404798	5.23376e-007	3.29184e-008	
1.29	0.99594	0.00405989	5.26952e-007	3.31633e-008	
1.295	0.995928	0.0040718	5.30539e-007	3.34091e-008	
1.3	0.995916	0.00408369	5.34136e-007	3.36558e-008	
1.305	0.995904	0.00409557	5.37743e-007	3.39035e-008	
1.31	0.995892	0.00410744	5.41361e-007	3.41521e-008	
1.315	0.99588	0.0041193	5.44989e-007	3.44016e-008	
1.32	0.995868	0.00413115	5.48627e-007	3.4652e-008	
1.325	0.995856	0.00414298	5.52276e-007	3.49033e-008	
1.33	0.995845	0.00415481	5.55935e-007	3.51556e-008	
1.335	0.995833	0.00416662	5.59603e-007	3.54088e-008	
1.34	0.995821	0.00417842	5.63283e-007	3.56629e-008	
1.345	0.995809	0.00419021	5.66972e-007	3.5918e-008	
1.35	0.995797	0.00420199	5.70671e-007	3.6174e-008	
1.355	0.995786	0.00421376	5.74381e-007	3.64309e-008	
1.36	0.995774	0.00422552	5.78101e-007	3.66887e-008	
1.365	0.995762	0.00423727	5.81831e-007	3.69474e-008	
1.37	0.99575	0.004249	5.85571e-007	3.72071e-008	
1.375	0.995739	0.00426073	5.89321e-007	3.74677e-008	
1.38	0.995727	0.00427244	5.93081e-007	3.77293e-008	
1.385	0.995715	0.00428415	5.96852e-007	3.79917e-008	
1.39	0.995704	0.00429584	6.00633e-007	3.82551e-008	
1.395	0.995692	0.00430752	6.04423e-007	3.85194e-008	
1.4	0.99568	0.0043192	6.08224e-007	3.87847e-008	
1.405	0.995668	0.00433086	6.12035e-007	3.90509e-008	
1.41	0.995657	0.00434251	6.15856e-007	3.9318e-008	
1.415	0.995645	0.00435415	6.19687e-007	3.95861e-008	
1.42	0.995634	0.00436578	6.23527e-007	3.9855e-008	
1.425	0.995622	0.0043774	6.27378e-007	4.01249e-008	
1.43	0.99561	0.00438901	6.31239e-007	4.03958e-008	
1.435	0.995599	0.00440061	6.3511e-007	4.06676e-008	
1.44	0.995587	0.0044122	6.38991e-007	4.09403e-008	
1.445	0.995576	0.00442378	6.42882e-007	4.12139e-008	
1.45	0.995564	0.00443535	6.46783e-007	4.14885e-008	
1.455	0.995552	0.00444691	6.50694e-007	4.1764e-008	
1.46	0.995541	0.00445846	6.54615e-007	4.20405e-008	
1.465	0.995529	0.00447	6.58546e-007	4.23179e-008	
1.47	0.995518	0.00448153	6.62487e-007	4.25962e-008	
1.475	0.995506	0.00449305	6.66437e-007	4.28755e-008	
1.48	0.995495	0.00450456	6.70398e-007	4.31557e-008	
1.485	0.995483	0.00451606	6.74368e-007	4.34369e-008	
1.49	0.995472	0.00452755	6.78349e-007	4.37189e-008	
1.495	0.99546	0.00453903	6.82339e-007	4.4002e-008	
1.5	0.995449	0.0045505	6.86339e-007	4.42859e-008	
1.505	0.995437	0.00456196	6.90349e-007	4.45708e-008	
1.51	0.995426	0.00457341	6.94369e-007	4.48567e-008	
1.515	0.995414	0.00458485	6.98399e-007	4.51435e-008	
1.52	0.995403	0.00459628	7.02438e-007	4.54312e-008	
1.525	0.995392	0.00460771	7.06488e-007	4.57199e-008	
1.53	0.99538	0.00461912	7.10547e-007	4.60095e-008	
1.535	0.995369	0.00463052	7.14616e-007	4.63001e-008	
1.54	0.995357	0.00464192	7.18695e-007	4.65916e-008	
1.545	0.995346	0.0046533	7.22784e-007	4.6884e-008	
1.55	0.995335	0.00466468	7.26882e-007	4.71774e-008	
1.555	0.995323	0.00467604	7.3099e-007	4.74718e-008	
1.56	0.995312	0.0046874	7.35108e-007	4.7767e-008	
1.565	0.9953	0.00469875	7.39236e-007	4.80633e-008	
1.57	0.995289	0.00471009	7.43373e-007	4.83605e-008	
1.575	0.995278	0.00472142	7.4752e-007	4.86586e-008	
1.58	0.995266	0.00473274	7.51677e-007	4.89577e-008	
1.585	0.995255	0.00474405	7.55844e-007	4.92577e-008	
1.59	0.995244	0.00475535	7.6002e-007	4.95587e-008	
1.595	0.995233	0.00476665	7.64206e-007	4.98606e-008	
1.6	0.995221	0.00477793	7.68402e-007	5.01635e-008	
1.605	0.99521	0.00478921	7.72607e-007	5.04673e-008	
1.61	0.995199	0.00480048	7.76822e-007	5.07721e-008	
1.615	0.995187	0.00481173	7.81047e-007	5.10778e-008	
1.62	0.995176	0.00482298	7.85282e-007	5.13845e-008	
1.625	0.995165	0.00483422	7.89526e-007	5.16922e-008	
1.63	0.995154	0.00484546	7.93779e-007	5.20008e-008	
1.635	0.995142	0.00485668	7.98043e-007	5.23103e-008	
1.64	0.995131	0.00486789	8.02316e-007	5.26208e-008	
1.645	0.99512	0.0048791	8.06598e-007	5.29323e-008	
1.65	0.995109	0.0048903	8.1089e-007	5.32447e-008	
1.655	0.995098	0.00490149	8.15192e-007	5.35581e-008	
1.66	0.995086	0.00491267	8.19503e-007	5.38724e-008	
1.665	0.995075	0.00492384	8.23824e-007	5.41877e-008	
1.67	0.995064	0.004935	8.28155e-007	5.4504e-008	
1.675	0.995053	0.00494616	8.32495e-007	5.48212e-008	
1.68	0.995042	0.0049573	8.36844e-007	5.51393e-008	
1.685	0.995031	0.00496844	8.41203e-007	5.54584e-008	
1.69	0.99502	0.00497957	8.45572e-007	5.57785e-008	
1.695	0.995008	0.00499069	8.4995e-007	5.60996e-008	
1.7	0.994997	0.00500181	8.54338e-007	5.64216e-008	
1.705	0.994986	0.00501291	8.58735e-007	5.67446e-008	
1.71	0.994975	0.00502401	8.63142e-007	5.70685e-008	
1.715	0.994964	0.00503509	8.67558e-007	5.73934e-008	
1.72	0.994953	0.00504618	8.71984e-007	5.77192e-008	
1.725	0.994942	0.00505725	8.76419e-007	5.80461e-008	
1.73	0.994931	0.00506831	8.80864e-007	5.83739e-008	
1.735	0.99492	0.00507937	8.85318e-007	5.87026e-008	
1.74	0.994909	0.00509041	8.89781e-007	5.90323e-008	
1.745	0.994898	0.00510145	8.94254e-007	5.9363e-008	
1.75	0.994887	0.00511249	8.98737e-007	5.96947e-008	
1.755	0.994876	0.00512351	9.03229e-007	6.00273e-008	
1.76	0.994865	0.00513453	9.0773e-007	6.03609e-008	
1.765	0.994853	0.00514553	9.12241e-007	6.06954e-008	
1.77	0.994842	0.00515653	9.16761e-007	6.1031e-008	
1.775	0.994831	0.00516753	9.2129e-007	6.13674e-008	
1.78	0.994821	0.00517851	9.25829e-007	6.17049e-008	
1.785	0.99481	0.00518949	9.30377e-007	6.20433e-008	
1.79	0.994799	0.00520046	9.34935e-007	6.23828e-008	
1.795	0.994788	0.00521142	9.39502e-007	6.27231e-008	
1.8	0.994777	0.00522237	9.44078e-007	6.30645e-008	
1.805	0.994766	0.00523332	9.48664e-007	6.34068e-008	
1.81	0.994755	0.00524425	9.53259e-007	6.37501e-008	
1.815	0.994744	0.00525518	9.57863e-007	6.40944e-008	
1.82	0.994733	0.00526611	9.62477e-007	6.44396e-008	
1.825	0.994722	0.00527702	9.671e-007	6.47858e-008	
1.83	0.994711	0.00528793	9.71732e-007	6.5133e-008	
1.835	0.9947	0.00529883	9.76374e-007	6.54812e-008	
1.84	0.994689	0.00530972	9.81025e-007	6.58304e-008	
1.845	0.994678	0.00532061	9.85685e-007	6.61805e-008	
1.85	0.994667	0.00533149	9.90355e-007	6.65316e-008	
1.855	0.994657	0.00534236	9.95034e-007	6.68837e-008	
1.86	0.994646	0.00535322	9.99722e-007	6.72368e-008	
1.865	0.994635	0.00536407	1.00442e-006	6.75908e-008	
1.87	0.994624	0.00537492	1.00913e-006	6.79458e-008	
1.875	0.994613	0.00538576	1.01384e-006	6.83018e-008	
1.88	0.994602	0.0053966	1.01857e-006	6.86588e-008	
1.885	0.994591	0.00540742	1.0233e-006	6.90168e-008	
1.89	0.994581	0.00541824	1.02804e-006	6.93757e-008	
1.895	0.99457	0.00542905	1.0328e-006	6.97357e-008	
1.9	0.994559	0.00543986	1.03756e-006	7.00966e-008	
1.905	0.994548	0.00545065	1.04233e-006	7.04585e-008	
1.91	0.994537	0.00546144	1.04711e-006	7.08214e-008	
1.915	0.994527	0.00547223	1.0519e-006	7.11852e-008	
1.92	0.994516	0.005483	1.0567e-006	7.15501e-008	
1.925	0.994505	0.00549377	1.06151e-006	7.19159e-008	
1.93	0.994494	0.00550453	1.06632e-006	7.22828e-008	
1.935	0.994484	0.00551529	1.07115e-006	7.26506e-008	
1.94	0.994473	0.00552603	1.07598e-006	7.30194e-008	
1.945	0.994462	0.00553677	1.08083e-006	7.33892e-008	
1.95	0.994451	0.00554751	1.08568e-006	7.376e-008	
1.955	0.994441	0.00555823	1.09054e-006	7.41317e-008	
1.96	0.99443	0.00556895	1.09542e-006	7.45045e-008	
1.965	0.994419	0.00557967	1.1003e-006	7.48783e-008	
1.97	0.994408	0.00559037	1.10519e-006	7.5253e-008	
1.975	0.994398	0.00560107	1.11009e-006	7.56287e-008	
1.98	0.994387	0.00561176	1.11499e-006	7.60055e-008	
1.985	0.994376	0.00562245	1.11991e-006	7.63832e-008	
1.99	0.994366	0.00563313	1.12484e-006	7.67619e-008	
1.995	0.994355	0.0056438	1.12977e-006	7.71416e-008	
2	0.994344	0.00565446	1.13472e-006	7.75223e-008	
2.005	0.994334	0.00566512	1.13967e-006	7.7904e-008	
2.01	0.994323	0.00567577	1.14463e-006	7.82867e-008	
2.015	0.994312	0.00568641	1.14961e-006	7.86704e-008	
2.02	0.994302	0.00569705	1.15459e-006	7.90551e-008	
2.025	0.994291	0.00570768	1.15958e-006	7.94408e-008	
2.03	0.99428	0.00571831	1.16457e-006	7.98275e-008	
2.035	0.99427	0.00572893	1.16958e-006	8.02152e-008	
2.04	0.994259	0.00573954	1.1746e-006	8.06039e-008	
2.045	0.994249	0.00575014	1.17962e-006	8.09936e-008	
2.05	0.994238	0.00576074	1.18466e-006	8.13843e-008	
2.055	0.994227	0.00577133	1.1897e-006	8.17759e-008	
2.06	0.994217	0.00578192	1.19476e-006	8.21686e-008	
2.065	0.994206	0.0057925	1.19982e-006	8.25623e-008	
2.07	0.994196	0.00580307	1.20489e-006	8.2957e-008	
2.075	0.994185	0.00581363	1.20997e-006	8.33527e-008	
2.08	0.994175	0.00582419	1.21506e-006	8.37494e-008	
2.085	0.994164	0.00583474	1.22015e-006	8.41471e-008	
2.09	0.994153	0.00584529	1.22526e-006	8.45458e-008	
2.095	0.994143	0.00585583	1.23037e-006	8.49456e-008	
2.1	0.994132	0.00586636	1.2355e-006	8.53463e-008	
2.105	0.994122	0.00587689	1.24063e-006	8.5748e-008	
2.11	0.994111	0.00588741	1.24577e-006	8.61508e-008	
2.115	0.994101	0.00589793	1.25093e-006	8.65545e-008	
2.12	0.99409	0.00590843	1.25608e-006	8.69593e-008	
2.125	0.99408	0.00591894	1.26125e-006	8.7365e-008	
2.13	0.994069	0.00592943	1.26643e-006	8.77718e-008	
2.135	0.994059	0.00593992	1.27162e-006	8.81796e-008	
2.14	0.994048	0.0059504	1.27681e-006	8.85884e-008	
2.145	0.994038	0.00596088	1.28202e-006	8.89982e-008	
2.15	0.994027	0.00597135	1.28723e-006	8.9409e-008	
2.155	0.994017	0.00598182	1.29245e-006	8.98209e-008	
2.16	0.994006	0.00599227	1.29768e-006	9.02337e-008	
2.165	0.993996	0.00600273	1.30292e-006	9.06476e-008	
2.17	0.993985	0.00601317	1.30817e-006	9.10624e-008	
2.175	0.993975	0.00602361	1.31343e-006	9.14783e-008	
2.18	0.993965	0.00603405	1.3187e-006	9.18952e-008	
2.185	0.993954	0.00604448	1.32397e-006	9.23132e-008	
2.19	0.993944	0.0060549	1.32925e-006	9.27321e-008	
2.195	0.993933	0.00606531	1.33455e-006	9.31521e-008	
2.2	0.993923	0.00607572	1.33985e-006	9.3573e-008	
2.205	0.993912	0.00608613	1.34516e-006	9.3995e-008	
2.21	0.993902	0.00609652	1.35048e-006	9.4418e-008	
2.215	0.993892	0.00610692	1.35581e-006	9.48421e-008	
2.22	0.993881	0.0061173	1.36114e-006	9.52671e-008	
2.225	0.993871	0.00612768	1.36649e-006	9.56932e-008	
2.23	0.99386	0.00613806	1.37184e-006	9.61203e-008	
2.235	0.99385	0.00614842	1.3772e-006	9.65484e-008	
2.24	0.99384	0.00615879	1.38258e-006	9.69775e-008	
2.245	0.993829	0.00616914	1.38796e-006	9.74077e-008	
2.25	0.993819	0.00617949	1.39334e-006	9.78389e-008	
2.255	0.993809	0.00618984	1.39874e-006	9.82711e-008	
2.26	0.993798	0.00620018	1.40415e-006	9.87043e-008	
2.265	0.993788	0.00621051	1.40956e-006	9.91386e-008	
2.27	0.993778	0.00622084	1.41499e-006	9.95739e-008	
2.275	0.993767	0.00623116	1.42042e-006	1.0001e-007	
2.28	0.993757	0.00624147	1.42586e-006	1.00448e-007	
2.285	0.993747	0.00625178	1.43131e-006	1.00886e-007	
2.29	0.993736	0.00626209	1.43677e-006	1.01325e-007	
2.295	0.993726	0.00627239	1.44224e-006	1.01766e-007	
2.3	0.993716	0.00628268	1.44771e-006	1.02207e-007	
2.305	0.993705	0.00629297	1.4532e-006	1.0265e-007	
2.31	0.993695	0.00630325	1.45869e-006	1.03093e-007	
2.315	0.993685	0.00631352	1.46419e-006	1.03538e-007	
2.32	0.993675	0.00632379	1.4697e-006	1.03983e-007	
2.325	0.993664	0.00633406	1.47522e-006	1.0443e-007	
2.33	0.993654	0.00634432	1.48075e-006	1.04878e-007	
2.335	0.993644	0.00635457	1.48629e-006	1.05326e-007	
2.34	0.993634	0.00636482	1.49183e-006	1.05776e-007	
2.345	0.993623	0.00637506	1.49739e-006	1.06227e-007	
2.35	0.993613	0.0063853	1.50295e-006	1.06678e-007	
2.355	0.993603	0.00639553	1.50852e-006	1.07131e-007	
2.36	0.993593	0.00640575	1.5141e-006	1.07585e-007	
2.365	0.993582	0.00641597	1.51969e-006	1.0804e-007	
2.37	0.993572	0.00642619	1.52529e-006	1.08496e-007	
2.375	0.993562	0.0064364	1.53089e-006	1.08953e-007	
2.38	0.993552	0.0064466	1.53651e-006	1.09411e-007	
2.385	0.993542	0.0064568	1.54213e-006	1.0987e-007	
2.39	0.993531	0.00646699	1.54776e-006	1.1033e-007	
2.395	0.993521	0.00647718	1.5534e-006	1.10791e-007	
2.4	0.993511	0.00648736	1.55905e-006	1.11253e-007	
2.405	0.993501	0.00649754	1.56471e-006	1.11717e-007	
2.41	0.993491	0.00650771	1.57037e-006	1.12181e-007	
2.415	0.99348	0.00651788	1.57604e-006	1.12646e-007	
2.42	0.99347	0.00652804	1.58173e-006	1.13112e-007	
2.425	0.99346	0.00653819	1.58742e-006	1.1358e-007	
2.43	0.99345	0.00654834	1.59312e-006	1.14048e-007	
2.435	0.99344	0.00655849	1.59883e-006	1.14518e-007	
2.44	0.99343	0.00656863	1.60454e-006	1.14988e-007	
2.445	0.99342	0.00657876	1.61027e-006	1.1546e-007	
2.45	0.993409	0.00658889	1.616e-006	1.15932e-007	
2.455	0.993399	0.00659901	1.62174e-006	1.16406e-007	
2.46	0.993389	0.00660913	1.62749e-006	1.16881e-007	
2.465	0.993379	0.00661924	1.63325e-006	1.17357e-007	
2.47	0.993369	0.00662935	1.63902e-006	1.17833e-007	
2.475	0.993359	0.00663946	1.6448e-006	1.18311e-007	
2.48	0.993349	0.00664955	1.65058e-006	1.1879e-007	
2.485	0.993339	0.00665965	1.65637e-006	1.1927e-007	
2.49	0.993328	0.00666973	1.66218e-006	1.19751e-007	
2.495	0.993318	0.00667981	1.66799e-006	1.20233e-007	
2.5	0.993308	0.00668989	1.6738e-006	1.20716e-007	
2.505	0.993298	0.00669996	1.67963e-006	1.212e-007	
2.51	0.993288	0.00671003	1.68547e-006	1.21686e-007	
2.515	0.993278	0.00672009	1.69131e-006	1.22172e-007	
2.52	0.993268	0.00673015	1.69716e-006	1.22659e-007	
2.525	0.993258	0.0067402	1.70302e-006	1.23148e-007	
2.53	0.993248	0.00675025	1.70889e-006	1.23637e-007	
2.535	0.993238	0.00676029	1.71477e-006	1.24128e-007	
2.54	0.993228	0.00677032	1.72065e-006	1.24619e-007	
2.545	0.993218	0.00678035	1.72655e-006	1.25112e-007	
2.55	0.993208	0.00679038	1.73245e-006	1.25606e-007	
2.555	0.993198	0.0068004	1.73836e-006	1.261e-007	
2.56	0.993188	0.00681042	1.74428e-006	1.26596e-007	
2.565	0.993178	0.00682043	1.75021e-006	1.27093e-007	
2.57	0.993168	0.00683043	1.75615e-006	1.27591e-007	
2.575	0.993158	0.00684044	1.76209e-006	1.2809e-007	
2.58	0.993148	0.00685043	1.76804e-006	1.2859e-007	
2.585	0.993138	0.00686042	1.774e-006	1.29091e-007	
2.59	0.993128	0.00687041	1.77997e-006	1.29593e-007	
2.595	0.993118	0.00688039	1.78595e-006	1.30096e-007	
2.6	0.993108	0.00689037	1.79194e-006	1.30601e-007	
2.605	0.993098	0.00690034	1.79793e-006	1.31106e-007	
2.61	0.993088	0.00691031	1.80393e-006	1.31612e-007	
2.615	0.993078	0.00692027	1.80995e-006	1.3212e-007	
2.62	0.993068	0.00693023	1.81597e-006	1.32629e-007	
2.625	0.993058	0.00694018	1.82199e-006	1.33138e-007	
2.63	0.993048	0.00695013	1.82803e-006	1.33649e-007	
2.635	0.993038	0.00696007	1.83407e-006	1.34161e-007	
2.64	0.993028	0.00697001	1.84013e-006	1.34673e-007	
2.645	0.993018	0.00697994	1.84619e-006	1.35187e-007	
2.65	0.993008	0.00698987	1.85226e-006	1.35702e-007	
2.655	0.992998	0.00699979	1.85833e-006	1.36218e-007	
2.66	0.992988	0.00700971	1.86442e-006	1.36736e-007	
2.665	0.992978	0.00701963	1.87051e-006	1.37254e-007	
2.67	0.992968	0.00702954	1.87662e-006	1.37773e-007	
2.675	0.992959	0.00703944	1.88273e-006	1.38293e-007	
2.68	0.992949	0.00704934	1.88885e-006	1.38815e-007	
2.685	0.992939	0.00705924	1.89497e-006	1.39337e-007	
2.69	0.992929	0.00706913	1.90111e-006	1.39861e-007	
2.695	0.992919	0.00707901	1.90725e-006	1.40385e-007	
2.7	0.992909	0.00708889	1.91341e-006	1.40911e-007	
2.705	0.992899	0.00709877	1.91957e-006	1.41438e-007	
2.71	0.992889	0.00710864	1.92573e-006	1.41966e-007	
2.715	0.992879	0.00711851	1.93191e-006	1.42495e-007	
2.72	0.99287	0.00712837	1.9381e-006	1.43025e-007	
2.725	0.99286	0.00713823	1.94429e-006	1.43556e-007	
2.73	0.99285	0.00714808	1.95049e-006	1.44088e-007	
2.735	0.99284	0.00715793	1.9567e-006	1.44621e-007	
2.74	0.99283	0.00716778	1.96292e-006	1.45156e-007	
2.745	0.99282	0.00717762	1.96914e-006	1.45691e-007	
2.75	0.99281	0.00718745	1.97538e-006	1.46228e-007	
2.755	0.992801	0.00719728	1.98162e-006	1.46765e-007	
2.76	0.992791	0.00720711	1.98787e-006	1.47304e-007	
2.765	0.992781	0.00721693	1.99413e-006	1.47844e-007	
2.77	0.992771	0.00722675	2.0004e-006	1.48385e-007	
2.775	0.992761	0.00723656	2.00667e-006	1.48927e-007	
2.78	0.992751	0.00724637	2.01295e-006	1.4947e-007	
2.785	0.992742	0.00725617	2.01924e-006	1.50014e-007	
2.79	0.992732	0.00726597	2.02554e-006	1.50559e-007	
2.795	0.992722	0.00727576	2.03185e-006	1.51105e-007	
2.8	0.992712	0.00728555	2.03817e-006	1.51652e-007	
2.805	0.992702	0.00729534	2.04449e-006	1.52201e-007	
2.81	0.992693	0.00730512	2.05082e-006	1.5275e-007	
2.815	0.992683	0.0073149	2.05716e-006	1.53301e-007	
2.82	0.992673	0.00732467	2.06351e-006	1.53853e-007	
2.825	0.992663	0.00733444	2.06987e-006	1.54406e-007	
2.83	0.992654	0.0073442	2.07623e-006	1.5496e-007	
2.835	0.992644	0.00735396	2.08261e-006	1.55515e-007	
2.84	0.992634	0.00736372	2.08899e-006	1.56071e-007	
2.845	0.992624	0.00737347	2.09537e-006	1.56628e-007	
2.85	0.992615	0.00738321	2.10177e-006	1.57186e-007	
2.855	0.992605	0.00739295	2.10818e-006	1.57746e-007	
2.86	0.992595	0.00740269	2.11459e-006	1.58306e-007	
2.865	0.992585	0.00741242	2.12101e-006	1.58868e-007	
2.87	0.992576	0.00742215	2.12744e-006	1.5943e-007	
2.875	0.992566	0.00743188	2.13388e-006	1.59994e-007	
2.88	0.992556	0.0074416	2.14032e-006	1.60559e-007	
2.885	0.992546	0.00745131	2.14678e-006	1.61125e-007	
2.89	0.992537	0.00746102	2.15324e-006	1.61692e-007	
2.895	0.992527	0.00747073	2.15971e-006	1.6226e-007	
2.9	0.992517	0.00748043	2.16618e-006	1.62829e-007	
2.905	0.992508	0.00749013	2.17267e-006	1.634e-007	
2.91	0.992498	0.00749983	2.17916e-006	1.63971e-007	
2.915	0.992488	0.00750952	2.18567e-006	1.64544e-007	
2.92	0.992478	0.0075192	2.19218e-006	1.65117e-007	
2.925	0.992469	0.00752888	2.19869e-006	1.65692e-007	
2.93	0.992459	0.00753856	2.20522e-006	1.66268e-007	
2.935	0.992449	0.00754823	2.21175e-006	1.66845e-007	
2.94	0.99244	0.0075579	2.21829e-006	1.67423e-007	
2.945	0.99243	0.00756757	2.22484e-006	1.68002e-007	
2.95	0.99242	0.00757723	2.2314e-006	1.68583e-007	
2.955	0.992411	0.00758689	2.23797e-006	1.69164e-007	
2.96	0.992401	0.00759654	2.24454e-006	1.69747e-007	
2.965	0.992391	0.00760619	2.25112e-006	1.7033e-007	
2.97	0.992382	0.00761583	2.25771e-006	1.70915e-007	
2.975	0.992372	0.00762547	2.26431e-006	1.71501e-007	
2.98	0.992362	0.0076351	2.27092e-006	1.72088e-007	
2.985	0.992353	0.00764474	2.27753e-006	1.72676e-007	
2.99	0.992343	0.00765436	2.28415e-006	1.73265e-007	
2.995	0.992334	0.00766399	2.29078e-006	1.73855e-007	
3	0.992324	0.00767361	2.29742e-006	1.74447e-007	
3.005	0.992314	0.00768322	2.30407e-006	1.75039e-007	
3.01	0.992305	0.00769283	2.31072e-006	1.75633e-007	
3.015	0.992295	0.00770244	2.31738e-006	1.76227e-007	
3.02	0.992285	0.00771204	2.32405e-006	1.76823e-007	
3.025	0.992276	0.00772164	2.33073e-006	1.7742e-007	
3.03	0.992266	0.00773124	2.33741e-006	1.78018e-007	
3.035	0.992257	0.00774083	2.34411e-006	1.78617e-007	
3.04	0.992247	0.00775041	2.35081e-006	1.79218e-007	
3.045	0.992237	0.00776	2.35752e-006	1.79819e-007	
3.05	0.992228	0.00776958	2.36423e-006	1.80422e-007	
3.055	0.992218	0.00777915	2.37096e-006	1.81025e-007	
3.06	0.992209	0.00778872	2.37769e-006	1.8163e-007	
3.065	0.992199	0.00779829	2.38443e-006	1.82236e-007	
3.07	0.99219	0.00780785	2.39118e-006	1.82843e-007	
3.075	0.99218	0.00781741	2.39794e-006	1.83451e-007	
3.08	0.99217	0.00782696	2.4047e-006	1.8406e-007	
3.085	0.992161	0.00783651	2.41147e-006	1.84671e-007	
3.09	0.992151	0.00784606	2.41825e-006	1.85282e-007	
3.095	0.992142	0.0078556	2.42504e-006	1.85895e-007	
3.1	0.992132	0.00786514	2.43184e-006	1.86509e-007	
3.105	0.992123	0.00787468	2.43864e-006	1.87124e-007	
3.11	0.992113	0.00788421	2.44545e-006	1.8774e-007	
3.115	0.992104	0.00789374	2.45227e-006	1.88357e-007	
3.12	0.992094	0.00790326	2.4591e-006	1.88975e-007	
3.125	0.992085	0.00791278	2.46593e-006	1.89594e-007	
3.13	0.992075	0.00792229	2.47278e-006	1.90215e-007	
3.135	0.992066	0.00793181	2.47963e-006	1.90836e-007	
3.14	0.992056	0.00794131	2.48649e-006	1.91459e-007	
3.145	0.992046	0.00795082	2.49335e-006	1.92083e-007	
3.15	0.992037	0.00796032	2.50023e-006	1.92708e-007	
3.155	0.992027	0.00796981	2.50711e-006	1.93334e-007	
3.16	0.992018	0.00797931	2.514e-006	1.93962e-007	
3.165	0.992008	0.0079888	2.5209e-006	1.9459e-007	
3.17	0.991999	0.00799828	2.5278e-006	1.95219e-007	
3.175	0.99199	0.00800776	2.53472e-006	1.9585e-007	
3.18	0.99198	0.00801724	2.54164e-006	1.96482e-007	
3.185	0.991971	0.00802671	2.54857e-006	1.97115e-007	
3.19	0.991961	0.00803618	2.5555e-006	1.97749e-007	
3.195	0.991952	0.00804565	2.56245e-006	1.98384e-007	
3.2	0.991942	0.00805511	2.5694e-006	1.99021e-007	
3.205	0.991933	0.00806457	2.57636e-006	1.99658e-007	
3.21	0.991923	0.00807402	2.58333e-006	2.00297e-007	
3.215	0.991914	0.00808347	2.5903e-006	2.00936e-007	
3.22	0.991904	0.00809292	2.59729e-006	2.01577e-007	
3.225	0.991895	0.00810236	2.60428e-006	2.02219e-007	
3.23	0.991885	0.0081118	2.61128e-006	2.02862e-007	
3.235	0.991876	0.00812124	2.61828e-006	2.03507e-007	
3.24	0.991867	0.00813067	2.6253e-006	2.04152e-007	
3.245	0.991857	0.0081401	2.63232e-006	2.04799e-007	
3.25	0.991848	0.00814952	2.63935e-006	2.05447e-007	
3.255	0.991838	0.00815894	2.64639e-006	2.06095e-007	
3.26	0.991829	0.00816836	2.65343e-006	2.06745e-007	
3.265	0.991819	0.00817777	2.66049e-006	2.07397e-007	
3.27	0.99181	0.00818718	2.66755e-006	2.08049e-007	
3.275	0.991801	0.00819659	2.67462e-006	2.08702e-007	
3.28	0.991791	0.00820599	2.68169e-006	2.09357e-007	
3.285	0.991782	0.00821539	2.68878e-006	2.10013e-007	
3.29	0.991772	0.00822478	2.69587e-006	2.1067e-007	
3.295	0.991763	0.00823417	2.70297e-006	2.11328e-007	
3.3	0.991754	0.00824356	2.71007e-006	2.11987e-007	
3.305	0.991744	0.00825295	2.71719e-006	2.12647e-007	
3.31	0.991735	0.00826233	2.72431e-006	2.13309e-007	
3.315	0.991725	0.0082717	2.73144e-006	2.13971e-007	
3.32	0.991716	0.00828108	2.73858e-006	2.14635e-007	
3.325	0.991707	0.00829045	2.74573e-006	2.153e-007	
3.33	0.991697	0.00829981	2.75288e-006	2.15966e-007	
3.335	0.991688	0.00830918	2.76004e-006	2.16633e-007	
3.34	0.991678	0.00831853	2.76721e-006	2.17301e-007	
3.345	0.991669	0.00832789	2.77439e-006	2.17971e-007	
3.35	0.99166	0.00833724	2.78157e-006	2.18642e-007	
3.355	0.99165	0.00834659	2.78876e-006	2.19314e-007	
3.36	0.991641	0.00835593	2.79596e-006	2.19986e-007	
3.365	0.991632	0.00836527	2.80317e-006	2.20661e-007	
3.37	0.991622	0.00837461	2.81038e-006	2.21336e-007	
3.375	0.991613	0.00838395	2.8176e-006	2.22012e-007	
3.38	0.991604	0.00839328	2.82483e-006	2.2269e-007	
3.385	0.991594	0.0084026	2.83207e-006	2.23369e-007	
3.39	0.991585	0.00841193	2.83932e-006	2.24049e-007	
3.395	0.991576	0.00842125	2.84657e-006	2.2473e-007	
3.4	0.991566	0.00843056	2.85383e-006	2.25412e-007	
3.405	0.991557	0.00843988	2.8611e-006	2.26095e-007	
3.41	0.991548	0.00844918	2.86837e-006	2.2678e-007	
3.415	0.991538	0.00845849	2.87566e-006	2.27466e-007	
3.42	0.991529	0.00846779	2.88295e-006	2.28153e-007	
3.425	0.99152	0.00847709	2.89025e-006	2.28841e-007	
3.43	0.99151	0.00848639	2.89755e-006	2.2953e-007	
3.435	0.991501	0.00849568	2.90487e-006	2.3022e-007	
3.44	0.991492	0.00850497	2.91219e-006	2.30912e-007	
3.445	0.991483	0.00851425	2.91952e-006	2.31604e-007	
3.45	0.991473	0.00852353	2.92685e-006	2.32298e-007	
3.455	0.991464	0.00853281	2.9342e-006	2.32993e-007	
3.46	0.991455	0.00854209	2.94155e-006	2.33689e-007	
3.465	0.991445	0.00855136	2.94891e-006	2.34387e-007	
3.47	0.991436	0.00856063	2.95627e-006	2.35085e-007	
3.475	0.991427	0.00856989	2.96365e-006	2.35785e-007	
3.48	0.991418	0.00857915	2.97103e-006	2.36486e-007	
3.485	0.991408	0.00858841	2.97842e-006	2.37188e-007	
3.49	0.991399	0.00859766	2.98582e-006	2.37891e-007	
3.495	0.99139	0.00860691	2.99322e-006	2.38595e-007	
3.5	0.991381	0.00861616	3.00063e-006	2.39301e-007	
3.505	0.991371	0.0086254	3.00805e-006	2.40008e-007	
3.51	0.991362	0.00863465	3.01548e-006	2.40716e-007	
3.515	0.991353	0.00864388	3.02292e-006	2.41425e-007	
3.52	0.991344	0.00865312	3.03036e-006	2.42135e-007	
3.525	0.991334	0.00866235	3.03781e-006	2.42846e-007	
3.53	0.991325	0.00867157	3.04527e-006	2.43559e-007	
3.535	0.991316	0.0086808	3.05273e-006	2.44273e-007	
3.54	0.991307	0.00869002	3.0602e-006	2.44988e-007	
3.545	0.991297	0.00869924	3.06768e-006	2.45704e-007	
3.55	0.991288	0.00870845	3.07517e-006	2.46421e-007	
3.555	0.991279	0.00871766	3.08266e-006	2.47139e-007	
3.56	0.99127	0.00872687	3.09017e-006	2.47859e-007	
3.565	0.991261	0.00873607	3.09768e-006	2.4858e-007	
3.57	0.991251	0.00874527	3.10519e-006	2.49302e-007	
3.575	0.991242	0.00875447	3.11272e-006	2.50025e-007	
3.58	0.991233	0.00876366	3.12025e-006	2.50749e-007	
3.585	0.991224	0.00877285	3.12779e-006	2.51475e-007	
3.59	0.991215	0.00878204	3.13534e-006	2.52201e-007	
3.595	0.991205	0.00879122	3.14289e-006	2.52929e-007	
3.6	0.991196	0.00880041	3.15046e-006	2.53658e-007	
3.605	0.991187	0.00880958	3.15803e-006	2.54389e-007	
3.61	0.991178	0.00881876	3.1656e-006	2.5512e-007	
3.615	0.991169	0.00882793	3.17319e-006	2.55853e-007	
3.62	0.991159	0.0088371	3.18078e-006	2.56587e-007	
3.625	0.99115	0.00884626	3.18838e-006	2.57322e-007	
3.63	0.991141	0.00885542	3.19599e-006	2.58058e-007	
3.635	0.991132	0.00886458	3.2036e-006	2.58795e-007	
3.64	0.991123	0.00887374	3.21122e-006	2.59534e-007	
3.645	0.991114	0.00888289	3.21885e-006	2.60273e-007	
3.65	0.991104	0.00889204	3.22649e-006	2.61014e-007	
3.655	0.991095	0.00890118	3.23413e-006	2.61756e-007	
3.66	0.991086	0.00891032	3.24179e-006	2.625e-007	
3.665	0.991077	0.00891946	3.24944e-006	2.63244e-007	
3.67	0.991068	0.0089286	3.25711e-006	2.6399e-007	
3.675	0.991059	0.00893773	3.26479e-006	2.64737e-007	
3.68	0.99105	0.00894686	3.27247e-006	2.65485e-007	
3.685	0.99104	0.00895599	3.28016e-006	2.66234e-007	
3.69	0.991031	0.00896511	3.28785e-006	2.66984e-007	
3.695	0.991022	0.00897423	3.29556e-006	2.67736e-007	
3.7	0.991013	0.00898334	3.30327e-006	2.68489e-007	
3.705	0.991004	0.00899246	3.31098e-006	2.69243e-007	
3.71	0.990995	0.00900157	3.31871e-006	2.69998e-007	
3.715	0.990986	0.00901068	3.32644e-006	2.70755e-007	
3.72	0.990977	0.00901978	3.33418e-006	2.71512e-007	
3.725	0.990968	0.00902888	3.34193e-006	2.72271e-007	
3.73	0.990958	0.00903798	3.34969e-006	2.73031e-007	
3.735	0.990949	0.00904707	3.35745e-006	2.73792e-007	
3.74	0.99094	0.00905616	3.36522e-006	2.74555e-007	
3.745	0.990931	0.00906525	3.373e-006	2.75318e-007	
3.75	0.990922	0.00907434	3.38078e-006	2.76083e-007	
3.755	0.990913	0.00908342	3.38858e-006	2.76849e-007	
3.76	0.990904	0.0090925	3.39637e-006	2.77616e-007	
3.765	0.990895	0.00910157	3.40418e-006	2.78385e-007	
3.77	0.990886	0.00911065	3.412e-006	2.79154e-007	
3.775	0.990877	0.00911972	3.41982e-006	2.79925e-007	
3.78	0.990868	0.00912878	3.42765e-006	2.80697e-007	
3.785	0.990858	0.00913785	3.43548e-006	2.8147e-007	
3.79	0.990849	0.00914691	3.44333e-006	2.82245e-007	
3.795	0.99084	0.00915597	3.45118e-006	2.8302e-007	
3.8	0.990831	0.00916502	3.45904e-006	2.83797e-007	
3.805	0.990822	0.00917407	3.4669e-006	2.84575e-007	
3.81	0.990813	0.00918312	3.47477e-006	2.85354e-007	
3.815	0.990804	0.00919217	3.48265e-006	2.86135e-007	
3.82	0.990795	0.00920121	3.49054e-006	2.86916e-007	
3.825	0.990786	0.00921025	3.49844e-006	2.87699e-007	
3.83	0.990777	0.00921928	3.50634e-006	2.88483e-007	
3.835	0.990768	0.00922832	3.51425e-006	2.89269e-007	
3.84	0.990759	0.00923735	3.52217e-006	2.90055e-007	
